,B cells,Monocytes,NK cells,T cells
NK cells_PB1,0.0,0.31015134638604824,0.6898486536139519,0.0
B cells_PB2,0.5157483614412732,0.10647110331337802,0.3777805352453487,0.0
Monocytes_PB3,0.006653091650610828,0.8477717550340065,0.14557515331538268,0.0
NK cells_PB4,0.0,0.30615818754223306,0.693841812457767,0.0
B cells_PB5,0.19312806673332922,0.22865422539638647,0.5782177078702844,0.0
Monocytes_PB6,0.0,0.41666077680083863,0.5833392231991614,0.0
T cells_PB7,0.0,0.6956109256688109,0.30438907433118906,0.0
NK cells_PB8,0.0,0.3177275063425969,0.6822724936574032,0.0
Monocytes_PB9,0.0,0.7940869671935809,0.20591303280641918,0.0
T cells_PB10,0.1622900535129726,0.29957445255005954,0.5381354939369678,0.0
Monocytes_PB11,0.08719383765455253,0.28117346898664014,0.5934982518739653,0.038134441484841845
B cells_PB12,0.5151879650940692,0.08131644250659784,0.403495592399333,0.0
Monocytes_PB13,0.0,0.8931143046719113,0.10688569532808866,0.0
Monocytes_PB14,0.023322609606534307,0.5050730022846136,0.47160438810885214,0.0
B cells_PB15,0.26450412568350296,0.3260310820492652,0.40946479226723187,0.0
T cells_PB16,0.0,0.6219485834521112,0.37805141654788876,0.0
NK cells_PB17,0.0,0.3443257417793836,0.6556742582206164,0.0
Monocytes_PB18,0.09186043815295976,0.6027571775402466,0.30538238430679365,0.0
NK cells_PB19,0.0,0.3476537634919748,0.6523462365080253,0.0
Monocytes_PB20,0.0,0.5226474825924107,0.4773525174075893,0.0
T cells_PB21,0.10588628120388664,0.40220930380815284,0.49190441498796045,0.0
NK cells_PB22,0.0,0.3294480047995748,0.6705519952004253,0.0
T cells_PB23,0.0,0.42032256794916484,0.5796774320508351,0.0
NK cells_PB24,0.17699491568837758,0.2836799443591032,0.5393251399525192,0.0
Monocytes_PB25,0.0,0.7188143959873047,0.2811856040126954,0.0
T cells_PB26,0.12197060989243831,0.3892212746664642,0.4888081154410975,0.0
T cells_PB27,0.0,0.47962585299712956,0.5203741470028704,0.0
Monocytes_PB28,0.008367423255345788,0.7434896623106826,0.2481429144339716,0.0
NK cells_PB29,0.0,0.29385303855472505,0.7061469614452749,0.0
NK cells_PB30,0.0,0.506448119745621,0.493551880254379,0.0
T cells_PB31,0.0,0.5066939604795445,0.49330603952045554,0.0
NK cells_PB32,0.0029070406546471846,0.3062393553103038,0.690853604035049,0.0
B cells_PB33,0.10078864026724646,0.4066446803779292,0.4925666793548243,0.0
T cells_PB34,0.26825642189890475,0.2245849335477624,0.5071586445533328,0.0
B cells_PB35,0.45283312166822537,0.22486938025064124,0.2972358112078553,0.02506168687327819
B cells_PB36,0.3371192710606196,0.24629072916601036,0.4165899997733701,0.0
NK cells_PB37,0.05733411329755502,0.33768071389054116,0.6049851728119038,0.0
Monocytes_PB38,0.2594108472389604,0.2149527680218548,0.5256363847391848,0.0
B cells_PB39,0.29007911929122776,0.2458945870938375,0.46402629361493486,0.0
T cells_PB40,0.0,0.35117587356110064,0.6488241264388993,0.0
T cells_PB41,0.0,0.7142828841299779,0.28571711587002224,0.0
NK cells_PB42,0.0,0.31451389881622926,0.6854861011837706,0.0
NK cells_PB43,0.054337664910307386,0.3641690547375019,0.5814932803521907,0.0
Monocytes_PB44,0.0,0.8582446340805481,0.14175536591945193,0.0
T cells_PB45,0.0,0.6501857242946713,0.34981427570532886,0.0
B cells_PB46,0.2499918347892115,0.27699339397653633,0.4730147712342522,0.0
B cells_PB47,0.14302288447492448,0.35133108650552836,0.5056460290195471,0.0
Monocytes_PB48,0.0,0.7681386341703366,0.23186136582966346,0.0
NK cells_PB49,0.0,0.3970080195492319,0.6029919804507681,0.0
NK cells_PB50,0.0,0.32080350526153867,0.6791964947384613,0.0
NK cells_PB51,0.0,0.2686767266034001,0.7313232733965999,0.0
B cells_PB52,0.2863556400057243,0.2564334323478498,0.4572109276464259,0.0
Monocytes_PB53,0.0,0.9206793773146332,0.07932062268536673,0.0
T cells_PB54,0.28179919015054317,0.21929970567914633,0.4989011041703105,0.0
T cells_PB55,0.0,0.5746120437518389,0.4253879562481611,0.0
NK cells_PB56,0.0,0.2091903064861074,0.7908096935138925,0.0
T cells_PB57,0.0,0.5461964842200373,0.45380351577996264,0.0
Monocytes_PB58,0.0,0.5064789819486667,0.4935210180513334,0.0
NK cells_PB59,0.0336123065138,0.3924952390228049,0.5738924544633951,0.0
B cells_PB60,0.10995260925294825,0.42708583003420075,0.46296156071285105,0.0
B cells_PB61,0.3138774001143611,0.29342674835254384,0.39269585153309505,0.0
NK cells_PB62,0.0,0.3207595665357331,0.6792404334642669,0.0
T cells_PB63,0.01196206133133248,0.24553793925802475,0.7424999994106427,0.0
B cells_PB64,0.2184817633430043,0.29128188032043617,0.49023635633655954,0.0
B cells_PB65,0.08747652709677879,0.3501783477051686,0.5623451251980526,0.0
T cells_PB66,0.0,0.30047765046759684,0.6995223495324032,0.0
NK cells_PB67,0.0,0.37066413448445007,0.62933586551555,0.0
Monocytes_PB68,0.0,0.7807546111718608,0.2192453888281392,0.0
B cells_PB69,0.2751601631309383,0.17495775878815556,0.5498820780809061,0.0
B cells_PB70,0.6709102085596341,0.11784136412722476,0.21124842731314109,0.0
Monocytes_PB71,0.0,0.941055503905604,0.058944496094395955,0.0
T cells_PB72,0.0,0.5377089398652108,0.46229106013478916,0.0
NK cells_PB73,0.11094839815752364,0.4462094124208607,0.44284218942161574,0.0
Monocytes_PB74,0.0,0.7807794524081405,0.2192205475918595,0.0
Monocytes_PB75,0.0,0.9090842579435277,0.09091574205647239,0.0
Monocytes_PB76,0.0,0.9032458003292988,0.0967541996707012,0.0
T cells_PB77,0.011242135799943287,0.2392722761635644,0.7494855880364923,0.0
B cells_PB78,0.2514931087179388,0.24841650687851777,0.5000903844035435,0.0
T cells_PB79,0.0,0.5069775540917594,0.49302244590824057,0.0
B cells_PB80,0.08367558281453669,0.3994409270268569,0.5168834901586064,0.0
T cells_PB81,0.0,0.3337852107560715,0.6662147892439285,0.0
T cells_PB82,0.009164313278761948,0.2870533746403122,0.7037823120809259,0.0
B cells_PB83,0.14092914998691744,0.3512304038901978,0.5078404461228847,0.0
B cells_PB84,0.06057301163466822,0.3241355271653451,0.6152914611999867,0.0
Monocytes_PB85,0.052213203332028654,0.6223007967591362,0.32548599990883514,0.0
T cells_PB86,0.0,0.5600631644759128,0.43993683552408724,0.0
Monocytes_PB87,0.0,0.8969629135670918,0.10303708643290822,0.0
Monocytes_PB88,0.0,0.8373748819139488,0.16262511808605118,0.0
Monocytes_PB89,0.0,0.8372918114824967,0.1627081885175034,0.0
Monocytes_PB90,0.05057189892870744,0.690749144727337,0.2586789563439556,0.0
NK cells_PB91,0.03761796570247695,0.35613173661198283,0.6062502976855402,0.0
Monocytes_PB92,0.0,0.9380547375518441,0.06194526244815586,0.0
B cells_PB93,0.44676330721515567,0.2099948902579454,0.34324180252689884,0.0
T cells_PB94,0.0,0.500983397595421,0.49901660240457907,0.0
B cells_PB95,0.48527751224850635,0.1523045130655167,0.3624179746859769,0.0
NK cells_PB96,0.0734027064828952,0.23844600739324592,0.6881512861238589,0.0
Monocytes_PB97,0.05998630999531273,0.6582079714771499,0.2818057185275373,0.0
B cells_PB98,0.2559101358582836,0.2012097687109003,0.5428800954308161,0.0
B cells_PB99,0.0,0.4595663421866229,0.5404336578133772,0.0
T cells_PB100,0.0,0.7328502836775531,0.26714971632244694,0.0
Monocytes_PB101,0.25975004232929283,0.23001889627684285,0.5102310613938642,0.0
T cells_PB102,0.0,0.4655388916222607,0.5344611083777393,0.0
T cells_PB103,0.04444308027789258,0.4221974524235979,0.5333594672985096,0.0
Monocytes_PB104,0.0,0.7078182428044025,0.2921817571955975,0.0
B cells_PB105,0.4799616962158999,0.12081174089464969,0.2691230641914785,0.13010349869797197
NK cells_PB106,0.0789336194596545,0.3914151382559187,0.5296512422844267,0.0
B cells_PB107,0.101792540668074,0.21234403324195975,0.6858634260899662,0.0
NK cells_PB108,0.0,0.29720424249995936,0.7027957575000406,0.0
B cells_PB109,0.03569796057402212,0.32665548418131807,0.6376465552446599,0.0
NK cells_PB110,0.0,0.408510638668039,0.591489361331961,0.0
Monocytes_PB111,0.016871234855627852,0.46664348427904845,0.5164852808653237,0.0
Monocytes_PB112,0.0,0.49010681237495035,0.5098931876250496,0.0
Monocytes_PB113,0.0,1.0,0.0,0.0
B cells_PB114,0.3887954676269725,0.18442971961372887,0.4267748127592986,0.0
T cells_PB115,0.0,0.41799586095674884,0.5820041390432511,0.0
Monocytes_PB116,0.0,0.9521215109919181,0.04787848900808194,0.0
NK cells_PB117,0.050479717380390816,0.24538181418997135,0.7041384684296379,0.0
Monocytes_PB118,0.030441354811012008,0.5569004945345796,0.4126581506544085,0.0
NK cells_PB119,0.0,0.1531809257664254,0.8468190742335746,0.0
B cells_PB120,0.337192014003102,0.2905631811748312,0.3722448048220668,0.0
Monocytes_PB121,0.0,0.9822354028937109,0.01776459710628902,0.0
T cells_PB122,0.3171261380370386,0.1926866943587146,0.4901871676042468,0.0
NK cells_PB123,0.039956546845275887,0.30802358234113764,0.6520198708135865,0.0
T cells_PB124,0.0,0.6510042969039967,0.3489957030960032,0.0
NK cells_PB125,0.0,0.5051080242797316,0.4948919757202685,0.0
NK cells_PB126,0.0,0.28897304077901764,0.7110269592209824,0.0
B cells_PB127,0.31611332915573787,0.1901639484593229,0.4937227223849392,0.0
NK cells_PB128,0.0,0.34491223403618704,0.6550877659638129,0.0
T cells_PB129,0.0,0.610555035588898,0.389444964411102,0.0
Monocytes_PB130,0.0,0.7402293853796391,0.25977061462036094,0.0
Monocytes_PB131,0.0,0.6735574069645287,0.3264425930354713,0.0
T cells_PB132,0.0,0.5099922464494665,0.49000775355053355,0.0
Monocytes_PB133,0.026649020759012796,0.4351430701146757,0.5382079091263114,0.0
NK cells_PB134,0.0,0.3336496080779746,0.6663503919220254,0.0
NK cells_PB135,0.0,0.2665498229940946,0.7334501770059053,0.0
B cells_PB136,0.21462231225471654,0.34635133307546945,0.439026354669814,0.0
B cells_PB137,0.3002641646080863,0.2712442855993054,0.42849154979260834,0.0
Monocytes_PB138,0.0,0.8589094082351747,0.14109059176482525,0.0
T cells_PB139,0.03100028885679792,0.49147038620326744,0.47752932493993466,0.0
Monocytes_PB140,0.0,0.9490573891782592,0.05094261082174078,0.0
B cells_PB141,0.3784102524256145,0.19482387547963562,0.4267658720947499,0.0
Monocytes_PB142,0.030372288716033063,0.46608967006477603,0.503538041219191,0.0
Monocytes_PB143,0.0,0.7345597000885613,0.26544029991143875,0.0
T cells_PB144,0.0,0.42878857634186496,0.571211423658135,0.0
NK cells_PB145,0.2113909947165173,0.3142203096802902,0.4743886956031925,0.0
Monocytes_PB146,0.09903734795596783,0.24727682496884323,0.653685827075189,0.0
NK cells_PB147,0.0,0.3302602434689395,0.6697397565310604,0.0
NK cells_PB148,0.0,0.28137568745527164,0.7186243125447284,0.0
B cells_PB149,0.0,0.44796829256629705,0.552031707433703,0.0
B cells_PB150,0.3077647588272553,0.34230778336856255,0.34992745780418216,0.0
Monocytes_PB151,0.0,0.9665853292759735,0.033414670724026437,0.0
B cells_PB152,0.2616378390175369,0.35465769280824716,0.383704468174216,0.0
Monocytes_PB153,0.0,0.4156906218667132,0.5843093781332868,0.0
NK cells_PB154,0.0062248715174292426,0.2891358864305046,0.5698676400009602,0.13477160205110603
Monocytes_PB155,0.0,0.8847008457881135,0.11529915421188656,0.0
T cells_PB156,0.0,0.5739983470244499,0.4260016529755501,0.0
T cells_PB157,0.15569306834590518,0.32535983162464793,0.5189471000294469,0.0
NK cells_PB158,0.04504377960811795,0.2728227195470525,0.6821335008448296,0.0
NK cells_PB159,0.14110405598271128,0.27327407528084796,0.5856218687364407,0.0
B cells_PB160,0.413243832200158,0.17202781736477782,0.41472835043506423,0.0
NK cells_PB161,0.07870264566059011,0.25288473105252174,0.6684126232868881,0.0
Monocytes_PB162,0.0,0.771369341608678,0.22863065839132193,0.0
Monocytes_PB163,0.0,0.9234637217652656,0.07653627823473445,0.0
NK cells_PB164,0.017439122936834913,0.3194970766642513,0.6630638003989138,0.0
Monocytes_PB165,0.0,0.30556048883158166,0.6944395111684183,0.0
NK cells_PB166,0.0,0.2511981548523757,0.7488018451476244,0.0
NK cells_PB167,0.0,0.3834967284430374,0.6165032715569626,0.0
Monocytes_PB168,0.0,0.49325190588692436,0.5067480941130756,0.0
B cells_PB169,0.20579614913559569,0.18858608496002852,0.6056177659043758,0.0
B cells_PB170,0.2652648030516024,0.2538832473888833,0.4808519495595143,0.0
T cells_PB171,0.07890465515338035,0.4274582036260668,0.49363714122055286,0.0
NK cells_PB172,0.0,0.3687608134562805,0.6312391865437196,0.0
B cells_PB173,0.33862485422294836,0.19680644993583446,0.4645686958412172,0.0
NK cells_PB174,0.0,0.3966209879322608,0.6033790120677393,0.0
Monocytes_PB175,0.0,0.9376464212984705,0.06235357870152951,0.0
B cells_PB176,0.19098721359815132,0.2659853515934272,0.5430274348084215,0.0
B cells_PB177,0.34341388405156725,0.23489870953706632,0.4216874064113664,0.0
NK cells_PB178,0.0,0.2947670135218618,0.7052329864781383,0.0
Monocytes_PB179,0.0,0.829756140309445,0.17024385969055508,0.0
T cells_PB180,0.0,0.5076111423979124,0.49238885760208767,0.0
Monocytes_PB181,0.0,0.4855492816939023,0.5144507183060977,0.0
NK cells_PB182,0.0,0.4389221310465709,0.5610778689534291,0.0
NK cells_PB183,0.0,0.3361908883646459,0.6638091116353542,0.0
B cells_PB184,0.479085742571656,0.10555610979315959,0.41535814763518436,0.0
NK cells_PB185,0.0,0.3504839189376386,0.6495160810623614,0.0
Monocytes_PB186,0.0,0.7894873500802428,0.2105126499197572,0.0
Monocytes_PB187,0.0,0.8142348099040001,0.18576519009599987,0.0
Monocytes_PB188,0.0,0.7755176355879555,0.22448236441204444,0.0
B cells_PB189,0.16055781941343053,0.31142464433097783,0.5280175362555917,0.0
B cells_PB190,0.1985067320254508,0.30431090205258093,0.49718236592196835,0.0
B cells_PB191,0.05169375514850647,0.4196979610367992,0.5286082838146943,0.0
B cells_PB192,0.21554651815346987,0.27922155398897497,0.5052319278575552,0.0
Monocytes_PB193,0.0,1.0,0.0,0.0
T cells_PB194,0.0,0.40110238757192224,0.5988976124280778,0.0
NK cells_PB195,0.0,0.2230756956012113,0.7769243043987887,0.0
Monocytes_PB196,0.0,0.5640645907224588,0.43593540927754115,0.0
T cells_PB197,0.0007458186846052527,0.33189793168949644,0.6673562496258983,0.0
Monocytes_PB198,0.0,0.9821588543778383,0.017841145622161665,0.0
NK cells_PB199,0.05825210270619008,0.2879779655510931,0.6537699317427168,0.0
B cells_PB200,0.3453217335839463,0.22367015930938647,0.4310081071066673,0.0
Monocytes_PB201,0.0,0.855891951502776,0.14410804849722397,0.0
Monocytes_PB202,0.0,0.3477784006283236,0.6522215993716763,0.0
NK cells_PB203,0.0,0.3687942741037717,0.6312057258962283,0.0
T cells_PB204,0.23963024082956075,0.22685995536359777,0.5335098038068415,0.0
T cells_PB205,0.016700721822885282,0.5443510538405366,0.4389482243365781,0.0
B cells_PB206,0.18718743794551868,0.2958859283558061,0.5169266336986752,0.0
NK cells_PB207,0.0,0.3218179186335442,0.6781820813664557,0.0
T cells_PB208,0.002380932635860634,0.40798390374169397,0.5896351636224454,0.0
NK cells_PB209,0.0,0.47063655308579805,0.5293634469142019,0.0
NK cells_PB210,0.087576967217067,0.2525483090393144,0.6598747237436187,0.0
NK cells_PB211,0.0,0.41084420083612977,0.5891557991638701,0.0
B cells_PB212,0.3067338817360419,0.30993661619842755,0.38332950206553057,0.0
Monocytes_PB213,0.0,0.7816910447876347,0.21830895521236524,0.0
B cells_PB214,0.1802241625327051,0.3707648303476288,0.44901100711966613,0.0
T cells_PB215,0.0,0.32799148099823006,0.67200851900177,0.0
NK cells_PB216,0.0,0.3386875575392149,0.661312442460785,0.0
B cells_PB217,0.1038325080563936,0.32281503674723483,0.5733524551963717,0.0
Monocytes_PB218,0.0,0.7904313308982749,0.20956866910172506,0.0
T cells_PB219,0.0,0.3510806363962514,0.6489193636037486,0.0
T cells_PB220,0.166898181494851,0.2882707509113313,0.5448310675938177,0.0
NK cells_PB221,0.0,0.29073689830164257,0.7092631016983575,0.0
Monocytes_PB222,0.0,0.8661513719738373,0.1338486280261627,0.0
Monocytes_PB223,0.03345296945456592,0.3063175679869164,0.6602294625585177,0.0
B cells_PB224,0.06534913418536072,0.3848934528555567,0.5497574129590826,0.0
B cells_PB225,0.36111165535928835,0.2571773417357271,0.38171100290498455,0.0
Monocytes_PB226,0.10213569265853191,0.47950881528332967,0.4183554920581383,0.0
T cells_PB227,0.0,0.1939835847036687,0.8060164152963313,0.0
B cells_PB228,0.23983058631112802,0.33487100481859516,0.4252984088702768,0.0
T cells_PB229,0.1420319510385756,0.2148606354258046,0.6431074135356197,0.0
B cells_PB230,0.376124409473446,0.2097635303746591,0.4141120601518949,0.0
T cells_PB231,0.0,0.2979437848721049,0.7020562151278952,0.0
NK cells_PB232,0.0,0.30770418723122456,0.6922958127687754,0.0
B cells_PB233,0.2537933623271361,0.3025291429005312,0.4436774947723327,0.0
T cells_PB234,0.12442525696823624,0.4007869891347682,0.4747877538969955,0.0
B cells_PB235,0.12830143259759577,0.3735188858301054,0.4981796815722989,0.0
T cells_PB236,0.0,0.32704945362714005,0.6729505463728599,0.0
Monocytes_PB237,0.2060326115851146,0.5091442653033784,0.2848231231115069,0.0
Monocytes_PB238,0.061078436183092624,0.26286223146370863,0.6760593323531988,0.0
NK cells_PB239,0.014890147752173039,0.31099568993970195,0.6727554179416512,0.00135874436647383
T cells_PB240,0.0,0.6053272231227074,0.3946727768772926,0.0
B cells_PB241,0.3962809603335956,0.2156924610739664,0.388026578592438,0.0
T cells_PB242,0.4184091040833737,0.1065925871982509,0.4749983087183754,0.0
NK cells_PB243,0.0,0.49245427870238767,0.5075457212976122,0.0
B cells_PB244,0.22199748419452017,0.2627069259011478,0.5152955899043321,0.0
B cells_PB245,0.02211070746954883,0.3917352982321318,0.5861539942983193,0.0
B cells_PB246,0.45599661855934537,0.09212462712253217,0.45187875431812247,0.0
Monocytes_PB247,0.0,0.6554750045446509,0.3445249954553491,0.0
B cells_PB248,0.3525445092521677,0.1364524066607366,0.5110030840870956,0.0
Monocytes_PB249,0.0,1.0,0.0,0.0
Monocytes_PB250,0.0,0.9039485439528686,0.09605145604713142,0.0
