"","NK cells","T cells","Monocytes","B cells"
"NK cells_PB1",0.342210554340247,0.425955844082383,0.175135451544516,0.0566981500328547
"B cells_PB2",0.0317082674682973,0.0749907794847594,0.0444532148021535,0.84884773824479
"Monocytes_PB3",0.0526830329812971,0.249680532297801,0.680481762799822,0.0171546719210796
"NK cells_PB4",0.514255864528215,0.270006253635089,0.160521884355038,0.0552159974816577
"B cells_PB5",0.11404673011975,0.46828468583572,0.15631091315215,0.26135767089238
"Monocytes_PB6",0.133359687735053,0.566418733958317,0.234203468599159,0.0660181097074702
"T cells_PB7",0.270761345444496,0.057211509789083,0.455661309948935,0.216365834817486
"NK cells_PB8",0.665713221306257,0.233988652034418,0.0891330321437082,0.011165094515617
"Monocytes_PB9",0.0558728830326822,0.317029190269307,0.598064065845503,0.0290338608525078
"T cells_PB10",0.135351823001771,0.586990395057357,0.228116941368141,0.0495408405727316
"Monocytes_PB11",0.150651621331991,0.63284694229516,0.128988443981861,0.0875129923909875
"B cells_PB12",0.00189833248145447,0.0749960729010053,0.0139104728385744,0.909195121778966
"Monocytes_PB13",0.00917617885234316,0.256836550508257,0.71648656130424,0.01750070933516
"Monocytes_PB14",0.0808866594726014,0.497539293377737,0.294120287347023,0.127453759802639
"B cells_PB15",0.0885827252595615,0.473471893721652,0.210226207258763,0.227719173760023
"T cells_PB16",0.213868498274666,0.224457504158442,0.434989379207763,0.126684618359129
"NK cells_PB17",0.273394656880734,0.501913512915865,0.186386476364667,0.0383053538387336
"Monocytes_PB18",0.0778116072081347,0.357252680220707,0.490460486390205,0.0744752261809536
"NK cells_PB19",0.34389440160672,0.394115018900595,0.203630313417979,0.0583602660747065
"Monocytes_PB20",0.112937837303699,0.495270782460061,0.346257323888256,0.0455340563479849
"T cells_PB21",0.133293140858616,0.503016530186175,0.279067781251946,0.0846225477032631
"NK cells_PB22",0.169321471547227,0.520371872046587,0.21516831131446,0.0951383450917268
"T cells_PB23",0.264429175550825,0.310630865499158,0.295734261302229,0.129205697647788
"NK cells_PB24",0.281770842833864,0.421965896086478,0.168468227947125,0.127795033132533
"Monocytes_PB25",0.080771993598294,0.367983963721149,0.50178724909964,0.0494567935809177
"T cells_PB26",0.0759297080489221,0.616518273102558,0.226090379626407,0.0814616392221128
"T cells_PB27",0.241994405651138,0.233916778150715,0.389506947682651,0.134581868515496
"Monocytes_PB28",0.083754184402799,0.326498495153534,0.534390042055278,0.05535727838839
"NK cells_PB29",0.485409866309024,0.338142891308283,0.114560695212074,0.0618865471706191
"NK cells_PB30",0.132609050718848,0.520072523091602,0.275951795463984,0.0713666307255667
"T cells_PB31",0.139056055409701,0.496710612441341,0.267681341837751,0.096551990311207
"NK cells_PB32",0.194106294482702,0.509515809011846,0.197744782717813,0.0986331137876388
"B cells_PB33",0.119640296435631,0.510260275314237,0.231514040545044,0.138585387705087
"T cells_PB34",0.0443829839541079,0.743076117879434,0.153643713936609,0.0588971842298493
"B cells_PB35",0.0299552567943513,0.0660090973374406,0.0332742447387524,0.870761401129456
"B cells_PB36",0.0310320690884159,0.152965411909352,0.0592197075167171,0.756782811485515
"NK cells_PB37",0.31952214119125,0.446469037918274,0.175712738154413,0.0582960827360628
"Monocytes_PB38",0.14554757180693,0.601395334355183,0.19600900426533,0.0570480895725574
"B cells_PB39",0.0434015290092768,0.113863662168951,0.0653517166249688,0.777383092196803
"T cells_PB40",0.17634718822405,0.43316988300175,0.314159087415594,0.0763238413586061
"T cells_PB41",0.232551070543246,0.178458808047053,0.430967889006702,0.158022232402999
"NK cells_PB42",0.415476562584675,0.350398761134751,0.182397590480583,0.0517270857999912
"NK cells_PB43",0.0901261028937001,0.543189227979138,0.248088746846446,0.118595922280716
"Monocytes_PB44",0.0469128265087761,0.195452324312327,0.742048078893045,0.0155867702858525
"T cells_PB45",0.17318135284217,0.260412998659971,0.451950080533191,0.114455567964667
"B cells_PB46",0.0413802469359344,0.311973315612015,0.094710876546483,0.551935560905568
"B cells_PB47",0.0721835999581917,0.44491928598523,0.186049096835077,0.296848017221501
"Monocytes_PB48",0.101276132232218,0.319807429390028,0.544721235855005,0.0341952025227493
"NK cells_PB49",0.443182234148764,0.3756551507449,0.148227515648643,0.0329350994576935
"NK cells_PB50",0.211257468479954,0.526238290145148,0.188086601023966,0.0744176403509318
"NK cells_PB51",0.749323553873681,0.164119349266284,0.066949316215825,0.0196077806442102
"B cells_PB52",0.0342601784771452,0.183789897865232,0.130204563651981,0.651745360005643
"Monocytes_PB53",0.03258645289217,0.129577278362907,0.814468546730859,0.0233677220140634
"T cells_PB54",0.0944730635922809,0.695304886644447,0.152161354143145,0.0580606956201276
"T cells_PB55",0.156238626706163,0.504139345660952,0.255820618632365,0.0838014090005202
"NK cells_PB56",0.878082868449802,0.0401331712316911,0.0133504130991283,0.0684335472193788
"T cells_PB57",0.232607738290323,0.0847174570813064,0.488081210174281,0.19459359445409
"Monocytes_PB58",0.13770899179361,0.498730820870812,0.288216686892889,0.0753435004426898
"NK cells_PB59",0.120379164312204,0.562717304218098,0.216805946366848,0.10009758510285
"B cells_PB60",0.0940511729234416,0.373024689504845,0.19616082071222,0.336763316859494
"B cells_PB61",0.0613973598989636,0.400271547384358,0.176740196683195,0.361590896033484
"NK cells_PB62",0.257262756503146,0.462549464409444,0.222857098035826,0.0573306810515844
"T cells_PB63",0.083635994223967,0.652611508796958,0.191844635790601,0.0719078611884745
"B cells_PB64",0.0870196783570521,0.419789006462824,0.161479765791619,0.331711549388505
"B cells_PB65",0.105776075530241,0.442779066590181,0.169061794845811,0.282383063033767
"T cells_PB66",0.196124729950627,0.367953588208165,0.170044252677458,0.265877429163749
"NK cells_PB67",0.185945204050336,0.515576869325899,0.214971064501772,0.0835068621219924
"Monocytes_PB68",0.0425337303938333,0.221518623032982,0.720341345900699,0.0156063006724853
"B cells_PB69",0.108658421979589,0.514955524654363,0.162487964698304,0.213898088667744
"B cells_PB70",0.0105591010786391,0.106181746548833,0.0513591107905094,0.831900041582019
"Monocytes_PB71",0.0390767040179546,0.242657373259143,0.661958810929146,0.0563071117937557
"T cells_PB72",0.182877472153915,0.24719490476174,0.418043759132305,0.15188386395204
"NK cells_PB73",0.0796696006572599,0.538918381581215,0.308959471192645,0.0724525465688808
"Monocytes_PB74",0.0388818547422234,0.227301063270478,0.713745531355916,0.0200715506313821
"Monocytes_PB75",0.0647777633964367,0.0978140466241155,0.683835350019012,0.153572839960436
"Monocytes_PB76",0.0532613939706337,0.259406851968036,0.650005201811161,0.0373265522501701
"T cells_PB77",0.0855240940843794,0.624998959428789,0.186668756117773,0.102808190369058
"B cells_PB78",0.0800005526304083,0.541797904579859,0.173200690257289,0.205000852532444
"T cells_PB79",0.24134548626697,0.220502553382058,0.377142950403668,0.161009009947303
"B cells_PB80",0.104415207091608,0.505319015778113,0.22588477607396,0.164381001056319
"T cells_PB81",0.0739403758280637,0.686967571206272,0.176602480955149,0.0624895720105153
"T cells_PB82",0.164377264039563,0.51933356320794,0.23825958832666,0.0780295844258369
"B cells_PB83",0.0847651715821343,0.41141242678909,0.181128114240884,0.322694287387892
"B cells_PB84",0.0762339859618487,0.533756190227226,0.202919799951462,0.187090023859463
"Monocytes_PB85",0.0843129493507402,0.464254364486329,0.329015539287194,0.122417146875737
"T cells_PB86",0.186653146967448,0.300940389871722,0.37618152039869,0.136224942762139
"Monocytes_PB87",0.0447504101655534,0.243719283312882,0.679534472875042,0.031995833646523
"Monocytes_PB88",0.0315633289200047,0.304185175291068,0.605645231341384,0.0586062644475432
"Monocytes_PB89",0.0290554493785769,0.170017137803896,0.785256506181955,0.0156709066355721
"Monocytes_PB90",0.0534377998246387,0.400600053343556,0.50858285908662,0.0373792877451854
"NK cells_PB91",0.175315323971685,0.496277584015212,0.231443331121205,0.0969637608918986
"Monocytes_PB92",0.0457505542324061,0.261229585045087,0.668070823838275,0.0249490368842313
"B cells_PB93",0.0468540620669272,0.243120596113362,0.0741002599516643,0.635925081868047
"T cells_PB94",0.101902780546824,0.474283547618598,0.300456912030169,0.123356759804409
"B cells_PB95",0.0222841207834316,0.177270638446558,0.0783436961015562,0.722101544668454
"NK cells_PB96",0.376714596296745,0.367445100247435,0.105495265220016,0.150345038235804
"Monocytes_PB97",0.0903393296369474,0.338980086361131,0.536280763681082,0.0343998203208397
"B cells_PB98",0.0885004297934747,0.377177546195753,0.146359645037961,0.387962378972811
"B cells_PB99",0.104832572480848,0.548845750747652,0.230647874033607,0.115673802737893
"T cells_PB100",0.251809832175903,0.167194369480145,0.433234143627142,0.14776165471681
"Monocytes_PB101",0.102043266413935,0.66114238553123,0.128117809744739,0.108696538310096
"T cells_PB102",0.132358483027591,0.515687275089159,0.276235437667112,0.0757188042161376
"T cells_PB103",0.2283911986908,0.332971062488553,0.303907369733543,0.134730369087104
"Monocytes_PB104",0.0861654181818857,0.360420918617432,0.522179322870664,0.0312343403300189
"B cells_PB105",0.035899919693887,0.0962494170165015,0.0279186712799624,0.839931992009649
"NK cells_PB106",0.231473201339029,0.33835544519501,0.208670078948222,0.221501274517739
"B cells_PB107",0.109493225936022,0.394312318398548,0.117400256396078,0.378794199269352
"NK cells_PB108",0.619233320670379,0.240231657712671,0.0992054454471658,0.0413295761697841
"B cells_PB109",0.0726072978003053,0.440388847260456,0.224223627384938,0.262780227554301
"NK cells_PB110",0.154224128069316,0.551275701604204,0.221736384639318,0.0727637856871618
"Monocytes_PB111",0.0925210612204825,0.465775918294648,0.337316453023501,0.104386567461368
"Monocytes_PB112",0.115738907343404,0.585148122229972,0.228886655933268,0.0702263144933556
"Monocytes_PB113",0.025182611987986,0.164177939871245,0.791801927064067,0.0188375210767022
"B cells_PB114",0.0625045095559056,0.161547896971868,0.0827191234430498,0.693228470029177
"T cells_PB115",0.165381853462024,0.528505631800665,0.208412480986106,0.0977000337512061
"Monocytes_PB116",0.031936584643396,0.0958210009315513,0.859091759502607,0.0131506549224458
"NK cells_PB117",0.667997085366718,0.227312321086647,0.0845058582339798,0.0201847353126557
"Monocytes_PB118",0.126720625712556,0.51350347924945,0.285083733858073,0.0746921611799211
"NK cells_PB119",0.683468706586111,0.207313218288901,0.083525853900557,0.025692221224431
"B cells_PB120",0.0662374170744814,0.243048646635155,0.14209352092518,0.548620415365183
"Monocytes_PB121",0.0625073289163003,0.156463740046264,0.75702663252228,0.024002298515156
"T cells_PB122",0.075189799944998,0.710957551557362,0.165472226259352,0.0483804222382873
"NK cells_PB123",0.307095759771736,0.428593590079632,0.202754290219168,0.0615563599294639
"T cells_PB124",0.218576959489098,0.0859824158739232,0.496442774568523,0.198997850068455
"NK cells_PB125",0.213356086326275,0.480351648131642,0.236665274743315,0.0696269907987677
"NK cells_PB126",0.37222449449815,0.405139620612585,0.194845150420849,0.0277907344684165
"B cells_PB127",0.0104479533065086,0.115094519092432,0.0351538448839155,0.839303682717144
"NK cells_PB128",0.680584380322619,0.181498794860183,0.115876346261329,0.0220404785558686
"T cells_PB129",0.270568445445627,0.116687398885611,0.42870170926739,0.184042446401372
"Monocytes_PB130",0.048317077829805,0.387285177168904,0.512589687319199,0.0518080576820914
"Monocytes_PB131",0.0700877614136644,0.416539082577487,0.465386574798811,0.0479865812100374
"T cells_PB132",0.214250352610821,0.247761619041016,0.40878744506513,0.129200583283033
"Monocytes_PB133",0.112958515164667,0.505604536840435,0.211799241129947,0.16963770686495
"NK cells_PB134",0.30564093509248,0.392590350924502,0.193154980980932,0.108613733002086
"NK cells_PB135",0.737867902029619,0.177364228830295,0.0437074131481918,0.0410604559918943
"B cells_PB136",0.0821345559754483,0.410693257509864,0.150382166200702,0.356790020313986
"B cells_PB137",0.0465591092942644,0.233380973185011,0.117716126018577,0.602343791502147
"Monocytes_PB138",0.0525837975218602,0.253899894139179,0.659371263405948,0.0341450449330124
"T cells_PB139",0.174198744236546,0.324422620308532,0.360474980573981,0.140903654880941
"Monocytes_PB140",0.0316797201428372,0.092959567366389,0.871844501418866,0.00351621107190723
"B cells_PB141",0.017966024167737,0.102026936425185,0.0376747074602301,0.842332331946848
"Monocytes_PB142",0.0981839662297972,0.520591853365627,0.308660259774655,0.0725639206299209
"Monocytes_PB143",0.0470879074565759,0.302910276267263,0.566235171015495,0.0837666452606659
"T cells_PB144",0.204288914929325,0.301020685840918,0.333879566549654,0.160810832680103
"NK cells_PB145",0.272453910890385,0.455189956892381,0.188632037388653,0.0837240948285804
"Monocytes_PB146",0.157115710206104,0.539636442424923,0.138822280172419,0.164425567196555
"NK cells_PB147",0.494219869748551,0.310823122475896,0.133379074218793,0.0615779335567596
"NK cells_PB148",0.426521919304201,0.375769359544343,0.16860420801008,0.0291045131413769
"B cells_PB149",0.135386188342654,0.535635743880608,0.199172350749691,0.129805717027047
"B cells_PB150",0.0723140228346777,0.46337289310948,0.174982197063041,0.289330886992801
"Monocytes_PB151",0.036723849495319,0.150698155788102,0.788115619572044,0.024462375144534
"B cells_PB152",0.090889419338506,0.459783324472417,0.194845158092202,0.254482098096875
"Monocytes_PB153",0.14352249946566,0.564232498047541,0.197635840950812,0.094609161535986
"NK cells_PB154",0.390628763374826,0.38749832083458,0.129336409472637,0.092536506317956
"Monocytes_PB155",0.0222581267639842,0.125884372444417,0.841569746263875,0.0102877545277238
"T cells_PB156",0.162971620364148,0.267424117637021,0.435031098042251,0.13457316395658
"T cells_PB157",0.116436958058857,0.564023037526676,0.248869422498378,0.070670581916088
"NK cells_PB158",0.611543914190738,0.249494374757016,0.111560697795123,0.0274010132571226
"NK cells_PB159",0.236811569183827,0.479196235927028,0.210788496876651,0.0732036980124936
"B cells_PB160",0.0576746768658516,0.270520098798191,0.0804745837573696,0.591330640578588
"NK cells_PB161",0.306839960427891,0.402923087495698,0.128401973643221,0.161834978433191
"Monocytes_PB162",0.0560646176592177,0.304977739532767,0.608250461201991,0.0307071816060238
"Monocytes_PB163",0.0502529532700297,0.314740358719239,0.604470969724995,0.030535718285737
"NK cells_PB164",0.433136795925246,0.360999786898301,0.152310244215043,0.0535531729614102
"Monocytes_PB165",0.115206535426956,0.581284006369998,0.20165413974648,0.101855318456566
"NK cells_PB166",0.651354643170806,0.228909221472703,0.0901660609764335,0.029570074380057
"NK cells_PB167",0.289010836989173,0.423983914933891,0.220173531014853,0.0668317170620833
"Monocytes_PB168",0.164327925610124,0.51171093402499,0.263637123284674,0.0603240170802121
"B cells_PB169",0.0879494096163651,0.6205283686919,0.166637578837559,0.124884642854175
"B cells_PB170",0.06996536100919,0.14040861847434,0.0605079947561051,0.729118025760365
"T cells_PB171",0.117244842181431,0.550369047132801,0.267283326305941,0.0651027843798271
"NK cells_PB172",0.0925675114680315,0.606129475878812,0.200994377484172,0.100308635168985
"B cells_PB173",0.0468385944233174,0.241956907773492,0.0842870727620526,0.626917425041138
"NK cells_PB174",0.248036235894066,0.447985124197262,0.244306170665789,0.0596724692428831
"Monocytes_PB175",0.0661339390034093,0.305381462267811,0.601983756868237,0.0265008418605424
"B cells_PB176",0.107516504682669,0.521699027702714,0.161149011546095,0.209635456068522
"B cells_PB177",0.049181521108916,0.117107631361076,0.0904821216881841,0.743228725841824
"NK cells_PB178",0.330248914084248,0.434305381859006,0.17565315185851,0.0597925521982361
"Monocytes_PB179",0.0396388811958702,0.0959803177924064,0.788731561206549,0.0756492398051742
"T cells_PB180",0.258498944108022,0.184513846657836,0.429785625364066,0.127201583870076
"Monocytes_PB181",0.095037145299062,0.433993413123349,0.401296845612271,0.069672595965318
"NK cells_PB182",0.142855066275048,0.542623325535636,0.235318910198772,0.0792026979905439
"NK cells_PB183",0.864932415334733,0.0542615023676382,0.0166278724548737,0.0641782098427549
"B cells_PB184",0.0326507865053367,0.198566350399337,0.0515893467612617,0.717193516334065
"NK cells_PB185",0.234829136589036,0.45711239610273,0.25775720602556,0.0503012612826735
"Monocytes_PB186",0.0718519368148474,0.274888729900213,0.620402932473714,0.0328564008112255
"Monocytes_PB187",0.0438150217032873,0.233882082161875,0.702137227368203,0.0201656687666351
"Monocytes_PB188",0.0989770930259408,0.314647629128724,0.553548680448278,0.0328265973970577
"B cells_PB189",0.0632096352091514,0.318615572389957,0.123157007509156,0.495017784891736
"B cells_PB190",0.0976526834377378,0.439258204954097,0.196918173910108,0.266170937698057
"B cells_PB191",0.113276538065915,0.518323923511279,0.204088119087762,0.164311419335044
"B cells_PB192",0.0619953217700384,0.126615031064057,0.0486497850178386,0.762739862148066
"Monocytes_PB193",0.0266934869976125,0.152012679998069,0.795813480237519,0.0254803527667995
"T cells_PB194",0.134275787121576,0.540006252962564,0.243992016144214,0.0817259437716454
"NK cells_PB195",0.327373939794742,0.469808931017137,0.155521410440672,0.0472957187474487
"Monocytes_PB196",0.12801410557974,0.418958368177998,0.414583659088366,0.0384438671538957
"T cells_PB197",0.1409429361472,0.577572341148376,0.220926950372082,0.0605577723323424
"Monocytes_PB198",0.0331489955054971,0.141933727390684,0.804598090912315,0.0203191861915036
"NK cells_PB199",0.658725644748063,0.191507541709224,0.0696160294671433,0.0801507840755689
"B cells_PB200",0.0574255504798863,0.169415900896223,0.0645120994141832,0.708646449209707
"Monocytes_PB201",0.0567332881928628,0.289939420735856,0.617046140604698,0.0362811504665832
"Monocytes_PB202",0.157087820128869,0.54657807845555,0.168425767100253,0.127908334315329
"NK cells_PB203",0.195526458971332,0.508084617129028,0.207487761259999,0.0889011626396407
"T cells_PB204",0.0672397560691154,0.701795597233125,0.156924723643107,0.0740399230546525
"T cells_PB205",0.119552329307337,0.499284876636738,0.291746386307332,0.0894164077485932
"B cells_PB206",0.130297220188322,0.540488558092296,0.238004791138578,0.0912094305808036
"NK cells_PB207",0.156670546512559,0.56357110248904,0.205971127756809,0.0737872232415923
"T cells_PB208",0.100611448924142,0.523854577682063,0.22810749987677,0.147426473517026
"NK cells_PB209",0.103173462249046,0.548145243887003,0.276380357069085,0.0723009367948655
"NK cells_PB210",0.185408392971793,0.555640599716041,0.172766768495177,0.0861842388169893
"NK cells_PB211",0.537503121379083,0.190670188210519,0.160552601003996,0.111274089406403
"B cells_PB212",0.0674028129952662,0.215627134450151,0.133169145447152,0.583800907107431
"Monocytes_PB213",0.0490658207707882,0.286577461221682,0.626432762878668,0.0379239551288617
"B cells_PB214",0.103318462300631,0.42354388966079,0.172727722954849,0.300409925083729
"T cells_PB215",0.120258836289458,0.606242758474714,0.196668669964661,0.0768297352711675
"NK cells_PB216",0.247628356073944,0.453215700018799,0.248142005371909,0.0510139385353488
"B cells_PB217",0.124381557462099,0.385404428597902,0.176338296374042,0.313875717565957
"Monocytes_PB218",0.0769897081703299,0.218954153345601,0.68087277623549,0.0231833622485794
"T cells_PB219",0.136561355014445,0.541389584602557,0.21549338766239,0.106555672720609
"T cells_PB220",0.0753095465221034,0.675993889765056,0.176823440802152,0.0718731229106883
"NK cells_PB221",0.502066534656487,0.273609452485753,0.151509426777667,0.0728145860800919
"Monocytes_PB222",0.0346365354860576,0.345379292243681,0.560332560197287,0.0596516120729751
"Monocytes_PB223",0.153903811989022,0.560225159469992,0.19550953167656,0.0903614968644265
"B cells_PB224",0.0696234770427542,0.290832221775285,0.142818147603763,0.496726153578198
"B cells_PB225",0.0799166584499346,0.432882740827706,0.155792752808825,0.331407847913534
"Monocytes_PB226",0.112653694601022,0.486902197583543,0.324120558802512,0.076323549012924
"T cells_PB227",0.0521044237307023,0.775394284825152,0.122120465746629,0.0503808256975162
"B cells_PB228",0.0521648667086718,0.240300504340313,0.118705374706636,0.588829254244379
"T cells_PB229",0.0988034614818312,0.705080434011066,0.138765908668525,0.0573501958385782
"B cells_PB230",0.0550304864381146,0.301785240747632,0.119754066927768,0.523430205886486
"T cells_PB231",0.111383303697179,0.632858153395754,0.184721552873592,0.0710369900334743
"NK cells_PB232",0.406719809503561,0.366646881758839,0.194721180953328,0.0319121277842723
"B cells_PB233",0.0598030841322968,0.276638698625807,0.120385444286668,0.543172772955229
"T cells_PB234",0.17591079971898,0.453521349226339,0.2879143729848,0.0826534780698808
"B cells_PB235",0.104410843919828,0.399687478318777,0.207659952941702,0.288241724819694
"T cells_PB236",0.129208321407734,0.61408995211323,0.183868770408598,0.0728329560704375
"Monocytes_PB237",0.0681162133751672,0.493971382565474,0.349835988564447,0.0880764154949125
"Monocytes_PB238",0.113071226246246,0.664160027946625,0.139176118311561,0.0835926274955683
"NK cells_PB239",0.529928749792436,0.298170550213894,0.147265382912097,0.0246353170815726
"T cells_PB240",0.24677647497111,0.231234117267125,0.425026341250404,0.0969630665113603
"B cells_PB241",0.0329071542231755,0.101372967750905,0.0456969563012187,0.820022921724701
"T cells_PB242",0.0741841400875762,0.759464372586904,0.113794551052461,0.0525569362730587
"NK cells_PB243",0.729679836945323,0.167198091047403,0.0849358401615263,0.0181862318457481
"B cells_PB244",0.0992258566816462,0.383191366156788,0.130481395153462,0.387101382008104
"B cells_PB245",0.105789546996132,0.501753192239604,0.244411120518463,0.1480461402458
"B cells_PB246",0.0180935170294823,0.132759069230825,0.0247885428127758,0.824358870926917
"Monocytes_PB247",0.0845372145842016,0.401210627101384,0.460636815425031,0.0536153428893836
"B cells_PB248",0.0380419318041472,0.0817918600057213,0.0305576663946286,0.849608541795503
"Monocytes_PB249",0.0178933208947065,0.124470817788759,0.832382900671131,0.0252529606454042
"Monocytes_PB250",0.0418695145969179,0.136561635754361,0.808499529049538,0.0130693205991831
