"","NK cells","T cells","Monocytes","B cells"
"NK cells_PB1",0.526399060461865,0,0.355186980409192,0.118413959128943
"B cells_PB2",0.0502591640513385,0,0.0968603697212147,0.852880466227447
"Monocytes_PB3",0.0738284849226071,0,0.925942680514902,0.000228834562491111
"NK cells_PB4",0.651902282371431,0,0.305322466960077,0.0427752506684923
"B cells_PB5",0.206840693049818,0,0.378298866059794,0.414860440890387
"Monocytes_PB6",0.288761300005905,0.123296341227299,0.464577195395045,0.123365163371751
"T cells_PB7",0.22830968171165,0,0.695317025797372,0.0763732924909783
"NK cells_PB8",0.8518154698419,0,0.130529974932404,0.0176545552256954
"Monocytes_PB9",0.0951718326735368,0,0.894708767723444,0.0101193996030191
"T cells_PB10",0.303429502286824,0.129930111467921,0.452111451159877,0.114528935085377
"Monocytes_PB11",0.307732350630273,0.184685103961359,0.327814198983294,0.179768346425074
"B cells_PB12",0.0313989591200458,0,0.0799206933179795,0.888680347561975
"Monocytes_PB13",0.0284364278606491,0,0.971119860931459,0.000443711207892195
"Monocytes_PB14",0.184630200519539,0,0.595032268234058,0.220337531246403
"B cells_PB15",0.152831503142082,0,0.447307042134252,0.399861454723666
"T cells_PB16",0.155845037347425,0,0.761266766906053,0.0828881957465224
"NK cells_PB17",0.443194629842158,0.0432345464124157,0.430460839250435,0.0831099844949909
"Monocytes_PB18",0.120009173822454,0,0.817376198982988,0.0626146271945586
"NK cells_PB19",0.484270213630656,0.00187434196266158,0.427560217833564,0.0862952265731191
"Monocytes_PB20",0.19902969056571,0.0992619674199309,0.631616703138736,0.0700916388756233
"T cells_PB21",0.23359204740426,0.0081277663173732,0.601315314471946,0.156964871806421
"NK cells_PB22",0.294295541777073,0.0112385860614774,0.490223269458647,0.204242602702803
"T cells_PB23",0.304798869280256,0,0.584193561843283,0.111007568876461
"NK cells_PB24",0.469695516793051,0,0.392102556286984,0.138201926919965
"Monocytes_PB25",0.113320054361845,0,0.843897205167311,0.0427827404708432
"T cells_PB26",0.225038877475433,0.183211120319885,0.462210541716324,0.129539460488357
"T cells_PB27",0.264006532291409,0,0.67534196391779,0.0606515037908017
"Monocytes_PB28",0.112267210807445,0,0.851460644031851,0.0362721451607041
"NK cells_PB29",0.695680637038131,0,0.207903391537777,0.0964159714240924
"NK cells_PB30",0.247358444154243,0.107286374589958,0.531112102871533,0.114243078384266
"T cells_PB31",0.237987628962403,0.0744654082884106,0.538207613241687,0.1493393495075
"NK cells_PB32",0.355775624058751,0.0406432604513834,0.441326793580448,0.162254321909418
"B cells_PB33",0.246088652294893,0.0876076017837539,0.456843554668937,0.209460191252416
"T cells_PB34",0.184470622384435,0.352049842559952,0.350636773864946,0.112842761190667
"B cells_PB35",0.0648085835569751,0,0.082348738438285,0.85284267800474
"B cells_PB36",0.0712281166310813,0,0.100592681583966,0.828179201784953
"NK cells_PB37",0.527238264312208,0,0.370683928994137,0.102077806693655
"Monocytes_PB38",0.279270540468537,0.194332310186847,0.426079869827028,0.100317279517588
"B cells_PB39",0.103516895334524,0,0.22045111233236,0.676031992333116
"T cells_PB40",0.295746518282211,0,0.580791635087331,0.123461846630458
"T cells_PB41",0.192868378821083,0,0.728589477838748,0.0785421433401698
"NK cells_PB42",0.577253463036922,0,0.337962712292492,0.0847838246705864
"NK cells_PB43",0.218458143038531,0.0580195197335664,0.505147768494381,0.218374568733522
"Monocytes_PB44",0.0523563265823615,0,0.942829862704365,0.00481381071327397
"T cells_PB45",0.168936900062081,0,0.726569819985469,0.10449327995245
"B cells_PB46",0.0870981083569699,0,0.220080989337809,0.692820902305221
"B cells_PB47",0.164667769848151,0,0.390899790306657,0.444432439845192
"Monocytes_PB48",0.125642998609612,0,0.856904637156286,0.0174523642341019
"NK cells_PB49",0.626471824490013,0,0.299501432879431,0.0740267426305566
"NK cells_PB50",0.370429863364837,0.0864028546626323,0.403858488167605,0.139308793804926
"NK cells_PB51",0.877801218271421,0,0.109296271241288,0.0129025104872911
"B cells_PB52",0.0673422159250721,0,0.217201476413733,0.715456307661195
"Monocytes_PB53",0.0429120504618504,0,0.953659773067011,0.00342817647113909
"T cells_PB54",0.258897066196062,0.321135443665924,0.325856506398993,0.094110983739021
"T cells_PB55",0.251797157245339,0.0119474146669246,0.579772130120432,0.156483297967304
"NK cells_PB56",0.892067141146344,0,0.0895921286512911,0.0183407302023646
"T cells_PB57",0.219234865265337,0,0.724160928425514,0.0566042063091497
"Monocytes_PB58",0.236036648802641,0.0171190694413882,0.61738810604528,0.129456175710691
"NK cells_PB59",0.229421927204675,0.0367787313320723,0.507404012307366,0.226395329155886
"B cells_PB60",0.152123470525896,0,0.440491475462171,0.407385054011933
"B cells_PB61",0.147604577218354,0,0.411160391912478,0.441235030869168
"NK cells_PB62",0.417892792095817,0,0.477712109475587,0.104395098428596
"T cells_PB63",0.215074776468481,0.275427126586428,0.388003616195327,0.121494480749764
"B cells_PB64",0.169068517869172,0,0.367179050509904,0.463752431620924
"B cells_PB65",0.178296038574032,0,0.398060810346225,0.423643151079743
"T cells_PB66",0.304366600074449,0,0.461736363571626,0.233897036353925
"NK cells_PB67",0.307490865871367,0.0932168803605951,0.462797941095392,0.136494312672646
"Monocytes_PB68",0.0526423707487364,0,0.947357629251264,0
"B cells_PB69",0.281296137810457,0,0.396790922194433,0.32191293999511
"B cells_PB70",0.0444739011018576,0,0.088287013718336,0.867239085179806
"Monocytes_PB71",0.0476505840958351,0,0.940694509078479,0.0116549068256861
"T cells_PB72",0.181232959709895,0,0.731396174307109,0.0873708659829961
"NK cells_PB73",0.199425016965122,0.146479471437928,0.543256367172455,0.110839144424495
"Monocytes_PB74",0.0593803610034986,0,0.931938174359757,0.00868146463674409
"Monocytes_PB75",0.0834159980631063,0,0.897299688017891,0.0192843139190023
"Monocytes_PB76",0.0626956506746634,0,0.921428415734504,0.0158759335908329
"T cells_PB77",0.245157860574479,0.0892688564094693,0.413430546037557,0.252142736978495
"B cells_PB78",0.179749740451058,0.0023186957995287,0.443799767692074,0.374131796057339
"T cells_PB79",0.279027661698026,0,0.633474698923195,0.0874976393787788
"B cells_PB80",0.175007139190936,0,0.508520378016148,0.316472482792916
"T cells_PB81",0.198934379307523,0.238081031203352,0.405866126654243,0.157118462834882
"T cells_PB82",0.286827359126059,0.0945821916316584,0.48302704020321,0.135563409039073
"B cells_PB83",0.149814452035003,0,0.408170431943523,0.442015116021474
"B cells_PB84",0.253473253290635,0.0667874904529398,0.403569864275485,0.276169391980941
"Monocytes_PB85",0.1631758951299,0,0.688558091805911,0.148266013064189
"T cells_PB86",0.203816586598387,0,0.681860946698795,0.114322466702818
"Monocytes_PB87",0.0680072293005305,0,0.92382893064492,0.00816384005454948
"Monocytes_PB88",0.0587303788213865,0,0.884601842236655,0.0566677789419585
"Monocytes_PB89",0.0380829853175533,0,0.961917014682447,0
"Monocytes_PB90",0.107382092413684,0,0.8286024878131,0.0640154197732167
"NK cells_PB91",0.313617882188206,0.000852151601354016,0.504497315488176,0.181032650722264
"Monocytes_PB92",0.0598873486524211,0,0.931305837339655,0.0088068140079242
"B cells_PB93",0.0953415209730615,0,0.134114763315425,0.770543715711514
"T cells_PB94",0.233929816717597,0,0.560445290715187,0.205624892567216
"B cells_PB95",0.0705531625325874,0,0.137983032903606,0.791463804563807
"NK cells_PB96",0.57877912656003,0,0.218420350241035,0.202800523198935
"Monocytes_PB97",0.124150381769063,0,0.859214541959834,0.0166350762711037
"B cells_PB98",0.155970142503775,0,0.335854624480703,0.508175233015522
"B cells_PB99",0.26749354269186,0.0837539906929915,0.474025219820602,0.174727246794546
"T cells_PB100",0.22667824011623,0,0.699848720993096,0.0734730388906742
"Monocytes_PB101",0.271105333905523,0.21316944275335,0.357700008197393,0.158025215143734
"T cells_PB102",0.274598520712782,0.0896233457772677,0.52615089842634,0.109627235083611
"T cells_PB103",0.315374073297932,0,0.543298057188697,0.141327869513371
"Monocytes_PB104",0.128749972934193,0,0.857147466213027,0.0141025608527795
"B cells_PB105",0.0681546260681501,0,0.0690161163777014,0.862829257554148
"NK cells_PB106",0.347452149615166,0,0.50108433079686,0.151463519587974
"B cells_PB107",0.241661887254122,0,0.257885630870426,0.500452481875452
"NK cells_PB108",0.80935145053971,0.000637064628154385,0.158823942273284,0.0311875425588513
"B cells_PB109",0.164887412601571,0,0.448930110211392,0.386182477187037
"NK cells_PB110",0.298648308850337,0.0392529321396968,0.484474762504872,0.177623996505095
"Monocytes_PB111",0.153406866392768,0,0.684134812596391,0.162458321010841
"Monocytes_PB112",0.222546227972599,0.0815906367198252,0.533639235669955,0.162223899637621
"Monocytes_PB113",0.0344790462072634,0,0.965520953792737,0
"B cells_PB114",0.104352505846653,0,0.157966523184204,0.737680970969143
"T cells_PB115",0.282321206423294,0,0.485595608427321,0.232083185149386
"Monocytes_PB116",0.0415414999530949,0,0.958458500046905,0
"NK cells_PB117",0.854525933276368,0,0.127786897166838,0.0176871695567937
"Monocytes_PB118",0.242544171053138,0.108196618601659,0.531162923587533,0.11809628675767
"NK cells_PB119",0.88207415245309,0,0.102569229110772,0.015356618436138
"B cells_PB120",0.0991873272395401,0,0.313217555699933,0.587595117060527
"Monocytes_PB121",0.0724680676653459,0,0.927531932334654,0
"T cells_PB122",0.217294603608272,0.344937883282915,0.337938273799981,0.0998292393088315
"NK cells_PB123",0.462653744206509,0.0242460278569985,0.406731328713934,0.106368899222559
"T cells_PB124",0.211094124782427,0,0.71766183150786,0.0712440437097134
"NK cells_PB125",0.333799622608745,0,0.511299394964408,0.154900982426847
"NK cells_PB126",0.528120673032545,0,0.404347183541571,0.0675321434258842
"B cells_PB127",0.06503633608386,0,0.130817418919321,0.804146244996819
"NK cells_PB128",0.777890626272498,0,0.216433772506443,0.00567560122105866
"T cells_PB129",0.232463802601027,0,0.701237805573101,0.0662983918258719
"Monocytes_PB130",0.0939658783343691,0,0.829550123866926,0.0764839977987047
"Monocytes_PB131",0.123095111754121,0,0.807344650287217,0.0695602379586619
"T cells_PB132",0.185285401327044,0,0.710177499172296,0.10453709950066
"Monocytes_PB133",0.268453083476113,0.00640821310474424,0.499857049537437,0.225281653881706
"NK cells_PB134",0.420878894203433,0,0.408075192658274,0.171045913138293
"NK cells_PB135",0.918351094920052,0.00297676118379704,0.0577360130805951,0.0209361308155557
"B cells_PB136",0.149279144648434,0,0.339867737935124,0.510853117416442
"B cells_PB137",0.106557731345189,0,0.378359935837748,0.515082332817062
"Monocytes_PB138",0.0777368618677672,0,0.919759484083962,0.00250365404827029
"T cells_PB139",0.188820347753865,0,0.675812434148541,0.135367218097594
"Monocytes_PB140",0.0413078621809786,0,0.95828095570597,0.000411182113051581
"B cells_PB141",0.0464592721877358,0,0.0824110352987919,0.871129692513472
"Monocytes_PB142",0.199879065245061,0.0523416501577545,0.587827850289239,0.159951434307945
"Monocytes_PB143",0.119994169486998,0,0.807131420640986,0.0728744098720163
"T cells_PB144",0.207286758714922,0,0.610562139129567,0.182151102155512
"NK cells_PB145",0.417311804758093,0,0.405638839848149,0.177049355393758
"Monocytes_PB146",0.317757689960472,0,0.343378104055945,0.338864205983583
"NK cells_PB147",0.673185932671124,0,0.249437881013477,0.0773761863153992
"NK cells_PB148",0.578363865235715,0,0.34782617279229,0.0738099619719952
"B cells_PB149",0.267300543189502,0.09966429403628,0.421431652285143,0.211603510489075
"B cells_PB150",0.157508640145772,0,0.385305723179442,0.457185636674786
"Monocytes_PB151",0.0578396887054458,0,0.942160311294554,0
"B cells_PB152",0.184286683707416,0,0.412206345297161,0.403506970995423
"Monocytes_PB153",0.338733100795513,0.0705010859381961,0.461593861579135,0.129171951687156
"NK cells_PB154",0.588349237854919,0,0.261693731336854,0.149957030808227
"Monocytes_PB155",0.0296238016695518,0,0.970376198330448,0
"T cells_PB156",0.20842464070616,0,0.70766719437762,0.0839081649162207
"T cells_PB157",0.257303922074308,0.132295171904501,0.499443160765304,0.110957745255887
"NK cells_PB158",0.790117673133049,0,0.173366327366389,0.0365159995005619
"NK cells_PB159",0.42600315571587,0.000750155949112312,0.438783122034683,0.134463566300335
"B cells_PB160",0.137860164679649,0,0.17234539194673,0.689794443373622
"NK cells_PB161",0.47395301581101,0,0.308633006838271,0.217413977350719
"Monocytes_PB162",0.0876262765193992,0,0.895846846068807,0.0165268774117937
"Monocytes_PB163",0.0828959472144833,0,0.893601921292058,0.0235021314934588
"NK cells_PB164",0.609780971482955,0,0.292250364102117,0.0979686644149279
"Monocytes_PB165",0.26811745589006,0.125246799623757,0.425264192774422,0.181371551711761
"NK cells_PB166",0.829029219216118,0,0.163619562278604,0.00735121850527739
"NK cells_PB167",0.432739925300186,0,0.454044887672871,0.113215187026943
"Monocytes_PB168",0.235577561171064,0,0.571369080944076,0.19305335788486
"B cells_PB169",0.232736912681738,0.161211444047655,0.365393073743503,0.240658569527105
"B cells_PB170",0.148066005721072,0,0.242002061541769,0.609931932737159
"T cells_PB171",0.234694757035958,0.12713204220865,0.518670094424806,0.119503106330586
"NK cells_PB172",0.234523439051778,0.118639045228237,0.453282757156285,0.193554758563701
"B cells_PB173",0.128444753954303,0,0.294906506745461,0.576648739300237
"NK cells_PB174",0.350044644387023,0,0.514940182151909,0.135015173461067
"Monocytes_PB175",0.0896092642840881,0,0.891009795336279,0.0193809403796334
"B cells_PB176",0.241882319650823,0,0.373068764711934,0.385048915637242
"B cells_PB177",0.0924985578488595,0,0.3128573408002,0.594644101350941
"NK cells_PB178",0.491266259667363,0.0014544026498312,0.341703317313396,0.16557602036941
"Monocytes_PB179",0.0429645520251553,0,0.957035447974845,0
"T cells_PB180",0.240205607064062,0,0.695201489012502,0.0645929039234361
"Monocytes_PB181",0.136163683641921,0,0.755642994850517,0.108193321507562
"NK cells_PB182",0.278096473432212,0.0828070973174358,0.497861222180852,0.1412352070695
"NK cells_PB183",0.911031959403531,0,0.0765554535698393,0.0124125870266296
"B cells_PB184",0.0882444909411004,0,0.0772913737859182,0.834464135272981
"NK cells_PB185",0.359945549699657,0.0351060637233876,0.508661848490209,0.0962865380867459
"Monocytes_PB186",0.0945695153447074,0,0.898370941022228,0.00705954363306413
"Monocytes_PB187",0.0635126249918547,0,0.936487375008145,0
"Monocytes_PB188",0.131552813469679,0,0.858961654659165,0.00948553187115601
"B cells_PB189",0.118507930187751,0,0.270819699923935,0.610672369888314
"B cells_PB190",0.196273877859436,0,0.416647779668277,0.387078342472288
"B cells_PB191",0.236930401370935,0.00433789710009159,0.460336223936001,0.298395477592973
"B cells_PB192",0.0766006910018028,0,0.0951473697306974,0.8282519392675
"Monocytes_PB193",0.0392205499723592,0,0.960779450027641,0
"T cells_PB194",0.291782142257398,0.0878400103512972,0.493471530033216,0.126906317358088
"NK cells_PB195",0.537249241607705,0.00289657442494756,0.351928511803298,0.107925672164049
"Monocytes_PB196",0.187758650766113,0,0.770021959687329,0.0422193895465587
"T cells_PB197",0.310476253116249,0.116320390448495,0.469148083599826,0.104055272835431
"Monocytes_PB198",0.0412608293236951,0,0.958739170676305,0
"NK cells_PB199",0.863642010786086,0,0.10907064140268,0.0272873478112333
"B cells_PB200",0.0943480783106133,0,0.0960860937426855,0.809565827946701
"Monocytes_PB201",0.0808125907496052,0,0.908135704954883,0.0110517042955114
"Monocytes_PB202",0.349958925492171,0.00496916486966258,0.429266970193041,0.215804939445126
"NK cells_PB203",0.355348327526402,0.0668226205403763,0.441448005274984,0.136381046658237
"T cells_PB204",0.218346627339345,0.217398168522379,0.354598599746404,0.209656604391871
"T cells_PB205",0.244762861774953,0.0892817155526212,0.542159488238972,0.123795934433453
"B cells_PB206",0.247087890432688,0.0217485703918957,0.514222087937329,0.216941451238087
"NK cells_PB207",0.321281040105616,0.0211102396318741,0.45518709183182,0.20242162843069
"T cells_PB208",0.237535735196082,0.0420595698166387,0.518601330350462,0.201803364636818
"NK cells_PB209",0.242182982224142,0.131971849494453,0.523941911905589,0.101903256375816
"NK cells_PB210",0.357928031171998,0.0884483864499056,0.380943256089316,0.172680326288781
"NK cells_PB211",0.534417570460469,0,0.395648685765242,0.0699337437742892
"B cells_PB212",0.106554467410644,0,0.254199057121385,0.639246475467971
"Monocytes_PB213",0.0779400544611945,0,0.896163032671839,0.0258969128669661
"B cells_PB214",0.172612172694367,0,0.404455659044292,0.422932168261341
"T cells_PB215",0.276240967461018,0.160813796321982,0.431634640006079,0.131310596210921
"NK cells_PB216",0.367947403363466,0.00126011417094796,0.512526597488766,0.11826588497682
"B cells_PB217",0.201977424353232,0,0.381074160725736,0.416948414921032
"Monocytes_PB218",0.0799721926521872,0,0.914025154865912,0.00600265248190065
"T cells_PB219",0.259449796038276,0,0.476211371017096,0.264338832944628
"T cells_PB220",0.201708466591451,0.275324118821007,0.38293779781175,0.140029616775792
"NK cells_PB221",0.647371738752208,0.00181600102537072,0.305119470395944,0.0456927898264773
"Monocytes_PB222",0.0897388190407585,0,0.887533893184802,0.0227272877744391
"Monocytes_PB223",0.306879376940956,0.0450983821587521,0.458513338999504,0.189508901900788
"B cells_PB224",0.131811545667119,0,0.40355893435841,0.464629519974472
"B cells_PB225",0.160368733535065,0,0.37737249323864,0.462258773226295
"Monocytes_PB226",0.249236639676164,0.0499575417365753,0.590456921288937,0.110348897298323
"T cells_PB227",0.189243573578929,0.460251381583019,0.266169075957518,0.0843359688805338
"B cells_PB228",0.11966268524907,0,0.38653731431832,0.49380000043261
"T cells_PB229",0.248343029657049,0.332972450457975,0.321108331348744,0.0975761885362327
"B cells_PB230",0.0899283795027224,0,0.231931648709966,0.678139971787311
"T cells_PB231",0.255826799234649,0.150909467670405,0.422522778342256,0.170740954752689
"NK cells_PB232",0.55461426040211,0,0.382355852926021,0.0630298866718685
"B cells_PB233",0.117927998954025,0,0.281406108034068,0.600665893011906
"T cells_PB234",0.289157067725075,0,0.56145230342753,0.149390628847395
"B cells_PB235",0.164261465740249,0,0.450325178487407,0.385413355772344
"T cells_PB236",0.280168473561768,0.120451989846445,0.423568434448177,0.17581110214361
"Monocytes_PB237",0.187014565654395,0.0131076559980188,0.641130286509498,0.158747491838088
"Monocytes_PB238",0.280144204509966,0.158327114064309,0.350058197677275,0.211470483748449
"NK cells_PB239",0.684155614592217,0,0.267936043880801,0.0479083415269826
"T cells_PB240",0.224020642243857,0,0.73242487910236,0.0435544786537834
"B cells_PB241",0.0851590567760486,0,0.091689516650654,0.823151426573297
"T cells_PB242",0.214192160864752,0.428107779764878,0.256208542913697,0.101491516456674
"NK cells_PB243",0.838052447681082,0,0.161947552318918,0
"B cells_PB244",0.178226418306389,0,0.324425997579043,0.497347584114568
"B cells_PB245",0.232073427225306,0,0.531571078206196,0.236355494568498
"B cells_PB246",0.0764221950541482,0,0.0775433537825013,0.846034451163351
"Monocytes_PB247",0.14452606007773,0,0.766370762541099,0.0891031773811706
"B cells_PB248",0.0664870776984691,0,0.0673589332677229,0.866153989033808
"Monocytes_PB249",0.0353138656684033,0,0.960076909171105,0.00460922516049168
"Monocytes_PB250",0.0546257084043217,0,0.945374291595678,0
