,B cells,Monocytes,NK cells,T cells
NK cells_PB1,0.24999845996133926,0.2500018390881286,0.24999973669146658,0.24999996425906557
B cells_PB2,0.24999849902358007,0.25000183446921237,0.2499997191285267,0.2499999473786808
Monocytes_PB3,0.24999845381122657,0.25000187154838155,0.24999971515475172,0.24999995948564024
NK cells_PB4,0.24999845677267554,0.25000184040398754,0.2499997459634831,0.24999995685985368
B cells_PB5,0.24999846745927815,0.25000184339998777,0.24999972230034626,0.24999996684038786
Monocytes_PB6,0.2499984555725671,0.25000184436213085,0.2499997202244743,0.24999997984082778
T cells_PB7,0.24999847045490825,0.2500018561020202,0.24999972998048592,0.24999994346258567
NK cells_PB8,0.2499984528363556,0.25000183450156555,0.249999758381696,0.249999954280383
Monocytes_PB9,0.24999845295573497,0.250001864302911,0.24999971656280026,0.2499999661785538
T cells_PB10,0.24999845697291864,0.2500018443792722,0.2499997263253874,0.24999997232242174
Monocytes_PB11,0.24999845166681542,0.2500018398317183,0.24999972646598043,0.24999998203548568
B cells_PB12,0.24999850244175803,0.25000183825458383,0.24999971200442817,0.24999994729922995
Monocytes_PB13,0.2499984569268004,0.25000187195798496,0.24999971193361115,0.24999995918160348
Monocytes_PB14,0.24999845838136478,0.25000184685656046,0.2499997211542707,0.24999997360780396
B cells_PB15,0.24999847126695657,0.2500018451547305,0.2499997195721359,0.24999996400617694
T cells_PB16,0.24999846459758124,0.2500018512977799,0.24999972914913812,0.24999995495550084
NK cells_PB17,0.249998451482973,0.25000184261163566,0.24999973522641944,0.24999997067897187
Monocytes_PB18,0.24999845393179673,0.250001859295292,0.24999971855039926,0.24999996822251194
NK cells_PB19,0.24999845754762795,0.25000184229778083,0.24999973492983785,0.24999996522475348
Monocytes_PB20,0.24999845151722655,0.2500018562105037,0.24999972480293858,0.24999996746933106
T cells_PB21,0.24999845926617006,0.2500018525288419,0.24999971992375924,0.24999996828122883
NK cells_PB22,0.24999845758937192,0.2500018415463005,0.24999972474093868,0.24999997612338895
T cells_PB23,0.2499984644357638,0.2500018478043998,0.24999973437866962,0.24999995338116682
NK cells_PB24,0.24999845386565112,0.2500018429485066,0.2499997358332709,0.24999996735257143
Monocytes_PB25,0.24999845855987243,0.25000185509802253,0.2499997216638464,0.24999996467825877
T cells_PB26,0.2499984550490865,0.25000184302260875,0.24999972222555442,0.24999997970275037
T cells_PB27,0.24999846082988547,0.2500018545299321,0.2499997274909368,0.24999995714924572
Monocytes_PB28,0.24999845530642212,0.2500018625323175,0.24999971788521233,0.2499999642760481
NK cells_PB29,0.24999845400192472,0.25000183737945997,0.24999974093157554,0.24999996768703972
NK cells_PB30,0.2499984556593466,0.25000184450817303,0.24999972191587486,0.24999997791660536
T cells_PB31,0.2499984581861005,0.25000185151325816,0.2499997261707303,0.24999996412991116
NK cells_PB32,0.2499984595804926,0.2500018428778846,0.24999972844516624,0.24999996909645655
B cells_PB33,0.24999846223118077,0.2500018459987314,0.24999972223881145,0.24999996953127637
T cells_PB34,0.2499984565946269,0.2500018416955194,0.24999971833087065,0.24999998337898308
B cells_PB35,0.24999850017537822,0.25000183536978043,0.24999971995592654,0.2499999444989147
B cells_PB36,0.24999849488358478,0.25000183781146573,0.24999971880364527,0.24999994850130425
NK cells_PB37,0.24999845638962412,0.2500018421801024,0.24999973274249143,0.24999996868778204
Monocytes_PB38,0.24999845770987905,0.2500018420700633,0.24999972300078907,0.24999997721926845
B cells_PB39,0.24999848778475695,0.25000183588325664,0.24999972208937812,0.24999995424260835
T cells_PB40,0.24999845959377348,0.2500018475779295,0.2499997291950189,0.24999996363327814
T cells_PB41,0.24999846336875436,0.25000185660749796,0.2499997285116221,0.2499999515121256
NK cells_PB42,0.2499984535032797,0.25000184284090216,0.24999974209194323,0.24999996156387488
NK cells_PB43,0.24999845827408507,0.25000184495445527,0.24999972153983854,0.24999997523162115
Monocytes_PB44,0.2499984536967879,0.25000187473087376,0.24999971619992908,0.2499999553724094
T cells_PB45,0.2499984591515219,0.250001857172354,0.24999972392399641,0.2499999597521276
B cells_PB46,0.2499984903853568,0.2500018373476055,0.24999971724846073,0.24999995501857705
B cells_PB47,0.24999847271109904,0.2500018431217862,0.24999972092636316,0.24999996324075163
Monocytes_PB48,0.24999845266662613,0.25000186204331043,0.2499997192098353,0.24999996608022815
NK cells_PB49,0.2499984538555479,0.2500018396945244,0.24999974083066676,0.249999965619261
NK cells_PB50,0.24999845553335398,0.2500018418829365,0.24999972837644863,0.24999997420726092
NK cells_PB51,0.24999845553780464,0.250001834794718,0.24999976387543923,0.249999945792038
B cells_PB52,0.24999849272771976,0.2500018386946738,0.24999971781736083,0.24999995076024553
Monocytes_PB53,0.2499984608516477,0.25000187649221384,0.24999971246229696,0.24999995019384144
T cells_PB54,0.24999845644769011,0.2500018380551098,0.24999972483448746,0.24999998066271262
T cells_PB55,0.24999845834171622,0.2500018456560633,0.2499997254274,0.2499999705748204
NK cells_PB56,0.24999845775691254,0.2500018375679654,0.24999975748924133,0.2499999471858807
T cells_PB57,0.24999846381056287,0.25000185470354486,0.24999973159373207,0.24999994989216026
Monocytes_PB58,0.24999845702098633,0.2500018506181592,0.24999972566702494,0.2499999666938295
NK cells_PB59,0.24999845630721276,0.25000184197079706,0.24999971939017712,0.24999998233181314
B cells_PB60,0.24999847549309664,0.2500018429252021,0.24999972171217535,0.2499999598695259
B cells_PB61,0.24999847288580726,0.25000183862211806,0.24999971955839112,0.2499999689336835
NK cells_PB62,0.2499984516821096,0.25000184415943866,0.24999973396947403,0.2499999701889778
T cells_PB63,0.24999845848431565,0.25000184004181975,0.24999972083942315,0.24999998063444165
B cells_PB64,0.24999847522335392,0.25000184213229637,0.24999972085804506,0.2499999617863045
B cells_PB65,0.2499984687922245,0.25000184017674054,0.2499997185494006,0.2499999724816343
T cells_PB66,0.24999845915537436,0.2500018434743557,0.24999972732958295,0.24999997004068703
NK cells_PB67,0.2499984574206713,0.25000184167468775,0.24999972737815934,0.24999997352648154
Monocytes_PB68,0.24999845249791267,0.25000186670149155,0.2499997170157958,0.24999996378479994
B cells_PB69,0.2499984597247784,0.2500018409821816,0.2499997248472825,0.2499999744457575
B cells_PB70,0.24999850176169666,0.25000183385069236,0.24999971530142032,0.2499999490861906
Monocytes_PB71,0.2499984510231363,0.250001869602632,0.24999971607398222,0.24999996330024934
T cells_PB72,0.2499984651245062,0.2500018552476884,0.24999972101558945,0.24999995861221597
NK cells_PB73,0.24999845907058066,0.25000185097247896,0.2499997206181651,0.2499999693387753
Monocytes_PB74,0.24999845780988167,0.2500018708647857,0.2499997103894427,0.24999996093589003
Monocytes_PB75,0.24999845853348732,0.2500018651413798,0.24999972313539273,0.2499999531897403
Monocytes_PB76,0.24999845745020874,0.2500018663204271,0.2499997142904654,0.24999996193889867
T cells_PB77,0.24999845898809053,0.25000184143385334,0.2499997251318346,0.24999997444622163
B cells_PB78,0.24999846214512578,0.25000184303306755,0.24999972090328734,0.24999997391851936
T cells_PB79,0.24999845607731352,0.25000185073165493,0.2499997255214181,0.24999996766961352
B cells_PB80,0.2499984608144857,0.2500018445314242,0.24999972254516772,0.24999997210892227
T cells_PB81,0.2499984543976046,0.2500018440183698,0.24999971898924916,0.24999998259477646
T cells_PB82,0.2499984544244873,0.2500018449670332,0.24999972816457122,0.24999997244390823
B cells_PB83,0.24999847171090342,0.25000184236645473,0.24999972365359946,0.2499999622690423
B cells_PB84,0.2499984620818215,0.25000184435991335,0.24999972528771225,0.24999996827055276
Monocytes_PB85,0.24999845964956968,0.2500018552751894,0.24999972038797236,0.2499999646872685
T cells_PB86,0.24999845856993433,0.2500018551384726,0.24999972746606705,0.24999995882552603
Monocytes_PB87,0.2499984531523103,0.2500018695426052,0.2499997172944731,0.24999996001061126
Monocytes_PB88,0.24999845686547645,0.2500018634658742,0.24999971761530335,0.24999996205334593
Monocytes_PB89,0.24999845625613268,0.25000187224652215,0.2499997157538153,0.24999995574352984
Monocytes_PB90,0.24999845506397725,0.25000185730663954,0.2499997163948297,0.2499999712345534
NK cells_PB91,0.2499984571802935,0.2500018469875121,0.2499997286188348,0.24999996721335951
Monocytes_PB92,0.24999845620940472,0.2500018710038788,0.2499997155099021,0.2499999572768144
B cells_PB93,0.24999848880181794,0.2500018360533519,0.2499997212353949,0.24999995390943527
T cells_PB94,0.2499984627536844,0.2500018480491654,0.24999972199301437,0.24999996720413573
B cells_PB95,0.24999849669339105,0.2500018405772662,0.24999971445031,0.24999994827903274
NK cells_PB96,0.24999845847008134,0.2500018350095111,0.24999973983027168,0.24999996669013577
Monocytes_PB97,0.2499984556648809,0.2500018637011155,0.24999971987693576,0.2499999607570679
B cells_PB98,0.2499984785645386,0.25000183987525293,0.2499997218650747,0.24999995969513372
B cells_PB99,0.24999846084639057,0.25000184292780636,0.24999972291905778,0.2499999733067453
T cells_PB100,0.24999846531202002,0.2500018547056272,0.249999731059999,0.24999994892235386
Monocytes_PB101,0.2499984572950784,0.25000183779388285,0.2499997235415166,0.2499999813695221
T cells_PB102,0.24999845709681756,0.2500018502440433,0.24999972446499596,0.24999996819414305
T cells_PB103,0.24999846033851184,0.2500018475766607,0.24999972855073874,0.24999996353408852
Monocytes_PB104,0.24999845347360872,0.2500018593228487,0.249999722570596,0.24999996463294663
B cells_PB105,0.24999849690235346,0.2500018330387964,0.2499997192867226,0.2499999507721275
NK cells_PB106,0.24999845664375525,0.2500018453027822,0.24999973291915167,0.24999996513431097
B cells_PB107,0.24999847736058609,0.2500018404585255,0.24999972215835414,0.24999996002253422
NK cells_PB108,0.2499984540856847,0.2500018360520972,0.24999975704879843,0.2499999528134196
B cells_PB109,0.2499984728417815,0.25000184560154587,0.24999971668763746,0.24999996486903506
NK cells_PB110,0.24999845356096773,0.2500018456943771,0.24999972470181975,0.2499999760428355
Monocytes_PB111,0.24999846050690935,0.2500018479801909,0.24999972359703354,0.24999996791586612
Monocytes_PB112,0.249998462655668,0.25000184319671637,0.2499997264877913,0.24999996765982438
Monocytes_PB113,0.249998456604323,0.25000187396203344,0.2499997133288429,0.2499999561048007
B cells_PB114,0.24999849459874646,0.25000183977648094,0.24999971814018687,0.2499999474845857
T cells_PB115,0.24999845850370297,0.2500018430198834,0.2499997243112538,0.2499999741651598
Monocytes_PB116,0.24999845480880067,0.2500018731196138,0.2499997134025958,0.2499999586689898
NK cells_PB117,0.24999845543535562,0.2500018347218439,0.2499997560283999,0.24999995381440077
Monocytes_PB118,0.24999845762155395,0.2500018458238342,0.24999972044967045,0.24999997610494132
NK cells_PB119,0.2499984532481102,0.25000183612516935,0.24999975660088272,0.24999995402583775
B cells_PB120,0.24999848351482876,0.25000184117720725,0.24999972133137985,0.24999995397658406
Monocytes_PB121,0.2499984546272172,0.2500018739979622,0.2499997166511592,0.2499999547236615
T cells_PB122,0.24999845393856576,0.250001838236829,0.24999972295335843,0.24999998487124686
NK cells_PB123,0.24999845389448697,0.25000184326979696,0.24999973745075074,0.2499999653849653
T cells_PB124,0.24999846383968366,0.25000185736189523,0.2499997303586445,0.24999994843977658
NK cells_PB125,0.24999845595332737,0.2500018463140334,0.2499997277201722,0.24999997001246707
NK cells_PB126,0.24999845468052959,0.2500018443828746,0.2499997336024488,0.249999967334147
B cells_PB127,0.24999848989895723,0.2500018350874215,0.24999971583287792,0.24999995918074328
NK cells_PB128,0.24999845410978086,0.25000184085172505,0.2499997534791918,0.2499999515593022
T cells_PB129,0.24999846675752802,0.2500018597152624,0.24999973191743954,0.24999994160977
Monocytes_PB130,0.24999845691498324,0.25000185894131305,0.24999971327917955,0.2499999708645242
Monocytes_PB131,0.24999845757572417,0.25000185572859085,0.24999971700491308,0.24999996969077193
T cells_PB132,0.24999846319548075,0.2500018558446207,0.24999972773873644,0.24999995322116209
Monocytes_PB133,0.24999846007648518,0.25000184603248105,0.24999972110726004,0.24999997278377373
NK cells_PB134,0.24999845628344466,0.25000184150845156,0.24999973598609404,0.24999996622200968
NK cells_PB135,0.24999844768886556,0.2500018352573304,0.24999975815660716,0.24999995889719684
B cells_PB136,0.24999847345414986,0.25000184084979843,0.24999972161655173,0.24999996407949998
B cells_PB137,0.24999847878843848,0.2500018471391991,0.2499997140106819,0.2499999600616804
Monocytes_PB138,0.24999845963887984,0.2500018660283302,0.24999971793606524,0.24999995639672484
T cells_PB139,0.24999846387193264,0.25000184953158194,0.24999972627829126,0.2499999603181942
Monocytes_PB140,0.24999845547223384,0.2500018796177961,0.2499997147385297,0.24999995017144042
B cells_PB141,0.2499984963384503,0.25000183523870667,0.24999971701994628,0.24999995140289674
Monocytes_PB142,0.24999845734116655,0.25000184947770526,0.249999721898147,0.2499999712829812
Monocytes_PB143,0.24999845759727077,0.2500018578084926,0.2499997183788548,0.24999996621538179
T cells_PB144,0.24999846013409227,0.25000185333980635,0.24999972577130106,0.2499999607548003
NK cells_PB145,0.24999845407488644,0.2500018407623263,0.24999972966797135,0.24999997549481584
Monocytes_PB146,0.24999846257468977,0.25000184349211796,0.2499997286465903,0.24999996528660215
NK cells_PB147,0.24999845005966648,0.25000184020248156,0.24999974511135814,0.249999964626494
NK cells_PB148,0.24999845757996392,0.25000183806417187,0.24999974352237636,0.24999996083348786
B cells_PB149,0.24999845514561442,0.25000184597108754,0.24999971961263312,0.24999997927066495
B cells_PB150,0.24999847146094506,0.2500018418379658,0.249999721139529,0.24999996556156018
Monocytes_PB151,0.24999845394646678,0.2500018788575009,0.2499997130370869,0.24999995415894546
B cells_PB152,0.24999846865910097,0.25000184191625374,0.2499997190713602,0.24999997035328508
Monocytes_PB153,0.2499984515356238,0.25000184505110123,0.24999972687713554,0.24999997653613942
NK cells_PB154,0.24999845577504162,0.25000183789569064,0.24999974194034832,0.24999996438891933
Monocytes_PB155,0.2499984553347578,0.2500018793671321,0.24999971652286027,0.24999994877524992
T cells_PB156,0.2499984668381734,0.2500018558874436,0.2499997246237604,0.24999995265062255
T cells_PB157,0.24999845816870617,0.25000184527203106,0.2499997246153794,0.24999997194388343
NK cells_PB158,0.24999845131769755,0.2500018407348751,0.24999975125457433,0.24999995669285294
NK cells_PB159,0.2499984596169257,0.2500018442120624,0.24999972881409213,0.24999996735691976
B cells_PB160,0.24999848836190294,0.2500018355337597,0.24999972011073385,0.24999995599360342
NK cells_PB161,0.2499984524253929,0.25000184316802776,0.24999973807895154,0.24999996632762778
Monocytes_PB162,0.24999845889616937,0.25000186657548323,0.24999971617963487,0.24999995834871244
Monocytes_PB163,0.24999845538754528,0.25000186479979664,0.24999972002300877,0.24999995978964934
NK cells_PB164,0.24999845799933276,0.25000184448823304,0.249999741736116,0.24999995577631823
Monocytes_PB165,0.2499984582916898,0.2500018454716542,0.24999972402690865,0.2499999722097472
NK cells_PB166,0.2499984523838753,0.2500018358107787,0.2499997531240139,0.24999995868133207
NK cells_PB167,0.24999845797843823,0.25000184189460095,0.2499997360147781,0.2499999641121827
Monocytes_PB168,0.24999845517780805,0.25000184520093455,0.24999972666544562,0.24999997295581178
B cells_PB169,0.24999845880265292,0.25000184110570683,0.24999972484876415,0.24999997524287612
B cells_PB170,0.24999847432541986,0.25000183849367774,0.24999972122399913,0.24999996595690321
T cells_PB171,0.2499984590021567,0.25000184449078905,0.2499997230616956,0.24999997344535854
NK cells_PB172,0.24999846170285023,0.25000183721440244,0.24999972300816523,0.24999997807458207
B cells_PB173,0.24999848281989362,0.25000184074957443,0.24999972004894752,0.24999995638158448
NK cells_PB174,0.2499984603426881,0.2500018440364407,0.24999973258243374,0.2499999630384375
Monocytes_PB175,0.24999845861588493,0.2500018621540328,0.2499997162365909,0.24999996299349136
B cells_PB176,0.2499984645293946,0.25000183809645976,0.24999972146842428,0.24999997590572134
B cells_PB177,0.24999848947920536,0.2500018447842889,0.24999971784216796,0.24999994789433763
NK cells_PB178,0.2499984541195945,0.25000184069533266,0.24999973385680815,0.24999997132826468
Monocytes_PB179,0.2499984543100683,0.2500018736602048,0.2499997151736664,0.24999995685606033
T cells_PB180,0.24999846353550328,0.25000185712540157,0.24999973040854484,0.24999994893055022
Monocytes_PB181,0.24999845757791003,0.25000184934526615,0.24999972522860098,0.24999996784822276
NK cells_PB182,0.24999845253165853,0.25000184279113996,0.2499997251051815,0.2499999795720201
NK cells_PB183,0.249998454918449,0.2500018347351999,0.2499997571515365,0.2499999531948146
B cells_PB184,0.24999849648304334,0.2500018344873103,0.2499997178095075,0.2499999512201388
NK cells_PB185,0.24999845776059806,0.25000184495428857,0.2499997290961366,0.2499999681889767
Monocytes_PB186,0.2499984523568971,0.25000186224015636,0.2499997193423932,0.24999996606055327
Monocytes_PB187,0.24999845577724947,0.25000187210979263,0.24999971565326748,0.2499999564596905
Monocytes_PB188,0.24999845061346856,0.2500018613882158,0.24999972210067523,0.24999996589764042
B cells_PB189,0.24999848266697428,0.2500018411982464,0.24999971791642545,0.24999995821835394
B cells_PB190,0.2499984686210258,0.25000184875519954,0.24999972367259135,0.24999995895118338
B cells_PB191,0.24999846038846485,0.25000184366033246,0.24999972592083303,0.24999997003036964
B cells_PB192,0.24999849835839805,0.2500018356694614,0.24999972238638615,0.24999994358575428
Monocytes_PB193,0.24999845815029287,0.2500018780520863,0.24999971690926,0.24999994688836083
T cells_PB194,0.2499984580050532,0.2500018448545615,0.24999972148383906,0.24999997565654644
NK cells_PB195,0.24999845707838306,0.25000184255096,0.24999973678337772,0.2499999635872792
Monocytes_PB196,0.24999845940056273,0.2500018531757455,0.24999972395167097,0.2499999634720208
T cells_PB197,0.2499984561602176,0.2500018478727839,0.24999972082902686,0.24999997513797176
Monocytes_PB198,0.24999845576420926,0.2500018735569475,0.24999971439074006,0.2499999562881033
NK cells_PB199,0.24999845805043974,0.25000183587071617,0.24999976181519548,0.2499999442636485
B cells_PB200,0.24999849199702795,0.2500018326432926,0.249999718534055,0.2499999568256245
Monocytes_PB201,0.24999845387271447,0.25000186239895084,0.24999971935223364,0.24999996437610125
Monocytes_PB202,0.24999845763378656,0.25000184103727163,0.24999972575417354,0.2499999755747683
NK cells_PB203,0.249998456278537,0.2500018466350288,0.24999972389398772,0.2499999731924464
T cells_PB204,0.2499984537511094,0.25000184229012745,0.2499997204841757,0.24999998347458754
T cells_PB205,0.24999845964348208,0.25000184477162724,0.24999972329358647,0.24999997229130433
B cells_PB206,0.24999845630287265,0.250001843911192,0.24999972467211898,0.24999997511381616
NK cells_PB207,0.24999845346728217,0.2500018401600186,0.2499997261249504,0.24999998024774892
T cells_PB208,0.24999845570438473,0.2500018454476,0.2499997240034223,0.24999997484459285
NK cells_PB209,0.2499984607636992,0.2500018439265454,0.24999972129937095,0.24999997401038446
NK cells_PB210,0.2499984570315113,0.25000183870608933,0.24999972527729303,0.24999997898510629
NK cells_PB211,0.24999845808470772,0.25000184204712833,0.2499997429430345,0.2499999569251295
B cells_PB212,0.2499984873674148,0.25000183926486547,0.24999971864054493,0.24999995472717465
Monocytes_PB213,0.24999845679862584,0.25000186913058536,0.24999971421925052,0.2499999598515382
B cells_PB214,0.2499984680231191,0.2500018397190299,0.2499997243664419,0.24999996789140916
T cells_PB215,0.24999845508785898,0.25000184341163306,0.249999725047916,0.24999997645259198
NK cells_PB216,0.24999845425703787,0.2500018478764467,0.24999972831221307,0.24999996955430231
B cells_PB217,0.2499984684128696,0.2500018450192853,0.2499997216522162,0.24999996491562887
Monocytes_PB218,0.2499984539696859,0.2500018740949032,0.24999972362069087,0.24999994831472003
T cells_PB219,0.24999845688327044,0.25000184588972063,0.24999972123057734,0.24999997599643156
T cells_PB220,0.24999845423630523,0.2500018431250266,0.24999971994035017,0.24999998269831802
NK cells_PB221,0.2499984624493566,0.2500018451599181,0.24999974996023855,0.24999994243048676
Monocytes_PB222,0.24999845947270777,0.2500018609352909,0.24999971582906327,0.249999963762938
Monocytes_PB223,0.24999845511698068,0.2500018392595185,0.24999972620142433,0.2499999794220764
B cells_PB224,0.24999847596010655,0.25000184492249444,0.24999972140133495,0.24999995771606398
B cells_PB225,0.24999846891523705,0.25000183936167053,0.24999972156501166,0.24999997015808087
Monocytes_PB226,0.249998455156772,0.2500018522096787,0.24999972378520205,0.2499999688483473
T cells_PB227,0.24999845318403627,0.2500018358854802,0.24999972264795184,0.24999998828253167
B cells_PB228,0.24999847482357937,0.25000184187275454,0.24999971998494885,0.24999996331871716
T cells_PB229,0.24999845041651106,0.2500018365829575,0.2499997245398365,0.24999998846069488
B cells_PB230,0.24999848586933732,0.25000183588547503,0.24999972217390204,0.2499999560712855
T cells_PB231,0.24999845169569582,0.2500018431457668,0.24999972187286515,0.24999998328567224
NK cells_PB232,0.2499984505847891,0.2500018419130541,0.24999974128422267,0.24999996621793427
B cells_PB233,0.24999847967290031,0.2500018409593655,0.2499997187335165,0.24999996063421775
T cells_PB234,0.2499984542660597,0.2500018474910155,0.24999973010717053,0.24999996813575412
B cells_PB235,0.24999846758054878,0.25000184535269226,0.24999971947461838,0.24999996759214066
T cells_PB236,0.24999845353221972,0.25000183989568786,0.2499997217227009,0.24999998484939134
Monocytes_PB237,0.24999846205066792,0.2500018520922297,0.2499997150842569,0.2499999707728455
Monocytes_PB238,0.24999845905160004,0.2500018366830683,0.2499997284258676,0.24999997583946404
NK cells_PB239,0.24999845285440955,0.2500018401682385,0.24999974612249665,0.2499999608548553
T cells_PB240,0.24999845942098925,0.2500018532571769,0.24999973234498313,0.2499999549768507
B cells_PB241,0.24999849973608138,0.250001838272717,0.2499997212420072,0.24999994074919452
T cells_PB242,0.24999845741119253,0.25000183606009674,0.2499997201378008,0.24999998639090998
NK cells_PB243,0.2499984538653222,0.2500018397650746,0.24999976049540426,0.24999994587419894
B cells_PB244,0.24999847218281698,0.25000183984110846,0.24999972284199387,0.24999996513408074
B cells_PB245,0.24999845809330082,0.25000184343537923,0.2499997236666522,0.24999997480466768
B cells_PB246,0.24999849546903544,0.25000183497398715,0.24999971638356364,0.24999995317341378
Monocytes_PB247,0.24999845834858386,0.2500018560044916,0.24999971623090653,0.24999996941601807
B cells_PB248,0.2499984997714186,0.2500018345760305,0.24999971999333126,0.24999994565921957
Monocytes_PB249,0.2499984594810526,0.25000187721296535,0.24999971286369535,0.24999995044228676
Monocytes_PB250,0.24999845550601615,0.25000187559563325,0.2499997174062024,0.24999995149214818
