,B cells,Monocytes,NK cells,T cells
NK cells_PB1,0.3839966332475824,0.16835258618799354,0.4476507805644241,0.0
B cells_PB2,0.430103596796541,0.17291140237175553,0.39698500083170357,0.0
Monocytes_PB3,0.36160422712082796,0.2272276025287986,0.4111681703503735,0.0
NK cells_PB4,0.3235455505027746,0.22301764573340932,0.453436803763816,0.0
B cells_PB5,0.42968680558261385,0.16465000381509082,0.4056631906022954,0.0
Monocytes_PB6,0.36363914303097017,0.20470270093306844,0.4316581560359613,0.0
T cells_PB7,0.3620567664744053,0.20486438717779956,0.4330788463477952,0.0
NK cells_PB8,0.2859985212368574,0.18554146433771163,0.528460014425431,0.0
Monocytes_PB9,0.3372289071414211,0.23516221698960207,0.4276088758689769,0.0
T cells_PB10,0.3941723568018679,0.1847857787701023,0.4210418644280298,0.0
Monocytes_PB11,0.3510930412482108,0.2189321412104131,0.42997481754137606,0.0
B cells_PB12,0.4364033868059263,0.1558854823063657,0.4077111308877081,0.0
Monocytes_PB13,0.4058119273906866,0.22352122475258585,0.3706668478567276,0.0
Monocytes_PB14,0.4093548375971922,0.18561343059062893,0.40503173181217883,0.0
B cells_PB15,0.42713092013742004,0.16657151117758712,0.4062975686849928,0.0
T cells_PB16,0.3689110519715952,0.19495982034890835,0.43612912767949635,0.0
NK cells_PB17,0.36963491616759186,0.1968893324016288,0.4334757514307793,0.0
Monocytes_PB18,0.3959719157278254,0.19858985264944048,0.4054382316227341,0.0
NK cells_PB19,0.36119123467235065,0.1867195529696363,0.452089212358013,0.0
Monocytes_PB20,0.39064772881246146,0.19087749643672672,0.41847477475081174,0.0
T cells_PB21,0.3632844740598781,0.22492214394313437,0.41179338199698745,0.0
NK cells_PB22,0.3621086505633715,0.21523617159418437,0.4226551778424442,0.0
T cells_PB23,0.3789780926019276,0.1971384913254156,0.4238834160726568,0.0
NK cells_PB24,0.3843141082164751,0.19528032088883585,0.42040557089468905,0.0
Monocytes_PB25,0.3802660154230668,0.2030363995071543,0.4166975850697789,0.0
T cells_PB26,0.4034739969205954,0.1966947660908605,0.39983123698854406,0.0
T cells_PB27,0.3481865935649237,0.195200109433698,0.4566132970013784,0.0
Monocytes_PB28,0.349920538068677,0.2434051556936563,0.40667430623766665,0.0
NK cells_PB29,0.32850645051657057,0.2004974597298082,0.4709960897536212,0.0
NK cells_PB30,0.3684972236615433,0.23149587009571274,0.40000690624274404,0.0
T cells_PB31,0.34704792380030736,0.2187090817189172,0.4342429944807754,0.0
NK cells_PB32,0.37079598958500254,0.19211554132347133,0.4370884690915261,0.0
B cells_PB33,0.40509092046863143,0.21520714184692188,0.37970193768444677,0.0
T cells_PB34,0.39876828769047823,0.19867435885544654,0.40255735345407523,0.0
B cells_PB35,0.41517395139563995,0.19041084669297506,0.3944152019113851,0.0
B cells_PB36,0.42418071307033,0.1669183674833008,0.4089009194463692,0.0
NK cells_PB37,0.357891876242988,0.19457392035971555,0.4475342033972965,0.0
Monocytes_PB38,0.3837097063343863,0.19476919519639135,0.4215210984692223,0.0
B cells_PB39,0.439336583951417,0.16263244042182776,0.3980309756267552,0.0
T cells_PB40,0.3904070847542977,0.18681948971193507,0.42277342553376723,0.0
T cells_PB41,0.3688985230372229,0.2138985564877495,0.4172029204750277,0.0
NK cells_PB42,0.3451440212972187,0.20203802208052637,0.4528179566222549,0.0
NK cells_PB43,0.3883210536170171,0.2225079984881479,0.38917094789483503,0.0
Monocytes_PB44,0.3707800609367774,0.2342994198051764,0.3949205192580461,0.0
T cells_PB45,0.3771849335919963,0.19483216016722096,0.4279829062407826,0.0
B cells_PB46,0.4381744675221259,0.16218208396054715,0.3996434485173269,0.0
B cells_PB47,0.44369549224079996,0.1487350698677123,0.40756943789148786,0.0
Monocytes_PB48,0.35592284775726385,0.23196232633982336,0.41211482590291276,0.0
NK cells_PB49,0.34446301783293753,0.2004055317686114,0.4551314503984511,0.0
NK cells_PB50,0.3558467128008045,0.20389192268658798,0.4402613645126075,0.0
NK cells_PB51,0.31083726912183723,0.16602159742978462,0.5231411334483782,0.0
B cells_PB52,0.417571354998644,0.1963239826614158,0.3861046623399403,0.0
Monocytes_PB53,0.38089114867301144,0.2141888577150784,0.40491999361191017,0.0
T cells_PB54,0.4087384420908568,0.1763814280364532,0.41488012987269013,0.0
T cells_PB55,0.3948186017706903,0.18401713541247336,0.4211642628168364,0.0
NK cells_PB56,0.3404512021652368,0.17637484240745627,0.48317395542730696,0.0
T cells_PB57,0.352367917638674,0.23307620726270462,0.4145558750986213,0.0
Monocytes_PB58,0.40757786856809797,0.1968485843821145,0.3955735470497875,0.0
NK cells_PB59,0.4165473537101948,0.18220179895209468,0.40125084733771055,0.0
B cells_PB60,0.41116382740360957,0.1920792703456777,0.39675690225071264,0.0
B cells_PB61,0.38250280728363273,0.21694732070225387,0.40054987201411335,0.0
NK cells_PB62,0.35860583153945563,0.2010578822942926,0.4403362861662518,0.0
T cells_PB63,0.4314110280550335,0.18943671885006322,0.3791522530949033,0.0
B cells_PB64,0.4089588284541177,0.19794094257594322,0.39310022896993924,0.0
B cells_PB65,0.4260923584967951,0.17940967339602157,0.39449796810718324,0.0
T cells_PB66,0.3755914324445568,0.22505870051593663,0.3993498670395066,0.0
NK cells_PB67,0.3509381407753812,0.20447764315456687,0.44458421607005194,0.0
Monocytes_PB68,0.3542647716372902,0.2527814140673416,0.3929538142953683,0.0
B cells_PB69,0.42521604662339396,0.1757779084079576,0.39900604496864833,0.0
B cells_PB70,0.4335806917901792,0.16737992208564506,0.39903938612417583,0.0
Monocytes_PB71,0.38565917133975497,0.23454895987315305,0.379791868787092,0.0
T cells_PB72,0.3860092613757435,0.21163618486615,0.40235455375810647,0.0
NK cells_PB73,0.4054842746288145,0.1943268635362048,0.40018886183498076,0.0
Monocytes_PB74,0.3935222814826404,0.2107886377610426,0.39568908075631687,0.0
Monocytes_PB75,0.3896846135701853,0.19974261420866068,0.4105727722211541,0.0
Monocytes_PB76,0.4067448585553654,0.2157219860822081,0.3775331553624265,0.0
T cells_PB77,0.4320740235650008,0.16274301721996126,0.4051829592150379,0.0
B cells_PB78,0.39964653394677147,0.1809603236987596,0.41939314235446895,0.0
T cells_PB79,0.3617211729829342,0.20597535694803593,0.4323034700690299,0.0
B cells_PB80,0.42622604624626326,0.17849573728496196,0.3952782164687747,0.0
T cells_PB81,0.4165538369801401,0.17668575284664986,0.40676041017320996,0.0
T cells_PB82,0.3571253360673771,0.20318605959583944,0.43968860433678336,0.0
B cells_PB83,0.41247710773282303,0.19687953873656683,0.3906433535306102,0.0
B cells_PB84,0.41726404718436366,0.17118264228322863,0.4115533105324078,0.0
Monocytes_PB85,0.37759886505805856,0.24620303779477265,0.37619809714716884,0.0
T cells_PB86,0.38846339433636484,0.19692483761235965,0.4146117680512756,0.0
Monocytes_PB87,0.3830070343432356,0.22871561271069338,0.388277352946071,0.0
Monocytes_PB88,0.3956404899020581,0.23312040825716504,0.37123910184077696,0.0
Monocytes_PB89,0.40286154742861713,0.229048211388482,0.36809024118290096,0.0
Monocytes_PB90,0.386229967559902,0.19911345950113632,0.4146565729389617,0.0
NK cells_PB91,0.3915704128320438,0.17759743277244217,0.43083215439551414,0.0
Monocytes_PB92,0.38690198462198516,0.2413397475190628,0.371758267858952,0.0
B cells_PB93,0.4617848671675675,0.153167148153561,0.3850479846788715,0.0
T cells_PB94,0.41174847920108254,0.2058356958051634,0.3824158249937541,0.0
B cells_PB95,0.4386985163775329,0.17335758469482052,0.38794389892764647,0.0
NK cells_PB96,0.37243252816478917,0.1907283460158413,0.43683912581936957,0.0
Monocytes_PB97,0.36424399091366894,0.21151561458981405,0.424240394496517,0.0
B cells_PB98,0.40776764704417207,0.19178418198538894,0.40044817097043894,0.0
B cells_PB99,0.3904406699964709,0.209816206795582,0.39974312320794697,0.0
T cells_PB100,0.3888449726753848,0.20959902699262054,0.40155600033199473,0.0
Monocytes_PB101,0.4146320212361444,0.18360218285916335,0.4017657959046923,0.0
T cells_PB102,0.39495975911064507,0.17968617915085722,0.42535406173849766,0.0
T cells_PB103,0.38011913402957237,0.15388539698885548,0.4659954689815722,0.0
Monocytes_PB104,0.358754599626506,0.23784266451874247,0.40340273585475156,0.0
B cells_PB105,0.444846667630757,0.16811171568872868,0.38704161668051446,0.0
NK cells_PB106,0.3886368382301139,0.18446495664988943,0.42689820511999677,0.0
B cells_PB107,0.39865938558766506,0.20054246065346357,0.40079815375887146,0.0
NK cells_PB108,0.2863651571739024,0.22192019129369403,0.4917146515324035,0.0
B cells_PB109,0.4274052817440002,0.18429169518207447,0.38830302307392545,0.0
NK cells_PB110,0.3688523194191617,0.20841669939746846,0.4227309811833698,0.0
Monocytes_PB111,0.41067852523507326,0.18095970253745441,0.4083617722274724,0.0
Monocytes_PB112,0.407615558955641,0.17046691506939876,0.4219175259749603,0.0
Monocytes_PB113,0.3816764083034548,0.23729268256306316,0.3810309091334821,0.0
B cells_PB114,0.42841972554366836,0.1782178772792291,0.39336239717710253,0.0
T cells_PB115,0.3415022492230652,0.20896244566730968,0.449535305109625,0.0
Monocytes_PB116,0.3597041881730365,0.24587313656148427,0.3944226752654792,0.0
NK cells_PB117,0.36961480535516844,0.14931701157588306,0.4810681830689485,0.0
Monocytes_PB118,0.35326612104302774,0.21286913180102027,0.4338647471559521,0.0
NK cells_PB119,0.28952865366643044,0.19013885055588695,0.5203324957776826,0.0
B cells_PB120,0.4305818258907508,0.18893902327126016,0.38047915083798906,0.0
Monocytes_PB121,0.32790376463515325,0.25904325282630936,0.41305298253853745,0.0
T cells_PB122,0.39170689292882654,0.20516079282011723,0.4031323142510563,0.0
NK cells_PB123,0.3262820186007549,0.21953370609093015,0.454184275308315,0.0
T cells_PB124,0.3645477886159524,0.2185374517921169,0.4169147595919307,0.0
NK cells_PB125,0.3382566311672242,0.20761770229237494,0.4541256665404009,0.0
NK cells_PB126,0.3648142092687345,0.20672580769572596,0.4284599830355395,0.0
B cells_PB127,0.4077687663766335,0.1955747332410863,0.3966565003822803,0.0
NK cells_PB128,0.29053682415378196,0.19373691880304578,0.5157262570431722,0.0
T cells_PB129,0.37319366428246564,0.20957426754382055,0.4172320681737137,0.0
Monocytes_PB130,0.4084249060716467,0.20004661433952875,0.3915284795888246,0.0
Monocytes_PB131,0.3835584532248445,0.21021689632159146,0.40622465045356404,0.0
T cells_PB132,0.3853800263246622,0.18459792143078585,0.430022052244552,0.0
Monocytes_PB133,0.4237081881861868,0.1747741101932781,0.4015177016205352,0.0
NK cells_PB134,0.3843769093726434,0.19737548078444095,0.41824760984291565,0.0
NK cells_PB135,0.32577421803961104,0.16588246140605992,0.5083433205543291,0.0
B cells_PB136,0.4134310503179674,0.20132785424430852,0.38524109543772417,0.0
B cells_PB137,0.41984915169953885,0.17991985960299017,0.400230988697471,0.0
Monocytes_PB138,0.3589808111086848,0.2457452124708617,0.3952739764204535,0.0
T cells_PB139,0.39682098533461974,0.18104555906520972,0.4221334556001706,0.0
Monocytes_PB140,0.3858881552704449,0.21892545375739403,0.39518639097216113,0.0
B cells_PB141,0.43777196236818156,0.18034046782429689,0.38188756980752164,0.0
Monocytes_PB142,0.3876793879461975,0.2032958121376665,0.40902479991613605,0.0
Monocytes_PB143,0.3799723070012549,0.2302750498215537,0.3897526431771915,0.0
T cells_PB144,0.3607870630840181,0.22206549762201824,0.41714743929396364,0.0
NK cells_PB145,0.33442601865142496,0.23216813403638964,0.43340584731218534,0.0
Monocytes_PB146,0.3921100635561093,0.2137591460061264,0.3941307904377644,0.0
NK cells_PB147,0.29707928055120947,0.23048084039376948,0.4724398790550211,0.0
NK cells_PB148,0.2901735103956093,0.2118693465197134,0.4979571430846773,0.0
B cells_PB149,0.3933643202304575,0.217727962831533,0.38890771693800946,0.0
B cells_PB150,0.40330981208809535,0.1795294446913559,0.4171607432205488,0.0
Monocytes_PB151,0.3482490730250604,0.24813781250264316,0.4036131144722965,0.0
B cells_PB152,0.43382262308923136,0.19493851810678328,0.3712388588039854,0.0
Monocytes_PB153,0.37843515771287467,0.2039089236507759,0.41765591863634954,0.0
NK cells_PB154,0.35697273169849814,0.18455311714543848,0.4584741511560635,0.0
Monocytes_PB155,0.3579297353064316,0.25504026968067656,0.38702999501289176,0.0
T cells_PB156,0.39457351560851656,0.19349899291506237,0.41192749147642105,0.0
T cells_PB157,0.43647344115805253,0.17065146542720855,0.392875093414739,0.0
NK cells_PB158,0.31474803002098767,0.1942709208728644,0.490981049106148,0.0
NK cells_PB159,0.3761847845266292,0.19584453097204724,0.4279706845013234,0.0
B cells_PB160,0.46522516479400766,0.141966068523584,0.3928087666824084,0.0
NK cells_PB161,0.3757937343672257,0.21040217564448477,0.41380408998828944,0.0
Monocytes_PB162,0.33400848251251536,0.24296602150453214,0.4230254959829525,0.0
Monocytes_PB163,0.3607463263038793,0.22513151319393054,0.41412216050219014,0.0
NK cells_PB164,0.3758699685956912,0.15828841465725382,0.465841616747055,0.0
Monocytes_PB165,0.39330377096360075,0.2076413805467886,0.3990548484896106,0.0
NK cells_PB166,0.30170250648149527,0.2108995223114963,0.48739797120700845,0.0
NK cells_PB167,0.32019321168769194,0.19276435134290157,0.4870424369694065,0.0
Monocytes_PB168,0.39872339100826953,0.2136539722597738,0.3876226367319566,0.0
B cells_PB169,0.37400732620202604,0.20784906533384592,0.41814360846412796,0.0
B cells_PB170,0.4080947835327015,0.184828934037242,0.40707628243005656,0.0
T cells_PB171,0.3956692440717592,0.18577492050470182,0.41855583542353914,0.0
NK cells_PB172,0.43667974024224326,0.1876560443218818,0.37566421543587486,0.0
B cells_PB173,0.42635720832050206,0.16253193638516802,0.41111085529433006,0.0
NK cells_PB174,0.32866831669559876,0.21137640592216467,0.4599552773822365,0.0
Monocytes_PB175,0.396725473828141,0.19422058491553593,0.40905394125632316,0.0
B cells_PB176,0.4184797214669187,0.17441717347652785,0.40710310505655356,0.0
B cells_PB177,0.39975890481318455,0.19332789776961493,0.40691319741720056,0.0
NK cells_PB178,0.36533502935882994,0.197963760989282,0.43670120965188813,0.0
Monocytes_PB179,0.366361345337063,0.23888428443124077,0.39475437023169624,0.0
T cells_PB180,0.3611071796550663,0.22229467700166755,0.4165981433432663,0.0
Monocytes_PB181,0.40135345287108093,0.2053759433195293,0.3932706038093897,0.0
NK cells_PB182,0.3448568851263622,0.23255802562131608,0.42258508925232174,0.0
NK cells_PB183,0.33575322695250737,0.1855844142388807,0.4786623588086121,0.0
B cells_PB184,0.43678550734173865,0.16128160387174126,0.40193288878652,0.0
NK cells_PB185,0.35796744137690273,0.19579594885865256,0.44623660976444485,0.0
Monocytes_PB186,0.32648257038582557,0.23328045058729657,0.44023697902687786,0.0
Monocytes_PB187,0.38728039257024216,0.24040016190894986,0.3723194455208081,0.0
Monocytes_PB188,0.3430086805098009,0.23848164578650538,0.4185096737036937,0.0
B cells_PB189,0.41225528612086504,0.19363729806802515,0.3941074158111099,0.0
B cells_PB190,0.3886666376947554,0.1950227013859356,0.4163106609193089,0.0
B cells_PB191,0.41001768324604465,0.18681288408116642,0.4031694326727889,0.0
B cells_PB192,0.41677166794763193,0.18441531462824465,0.39881301742412345,0.0
Monocytes_PB193,0.3903796968903392,0.21644789654044183,0.3931724065692189,0.0
T cells_PB194,0.41302546944951735,0.19870784604785044,0.3882666845026322,0.0
NK cells_PB195,0.36222160374877366,0.20138155559947926,0.43639684065174705,0.0
Monocytes_PB196,0.3505013484136623,0.2204898812055956,0.4290087703807422,0.0
T cells_PB197,0.35519371764281166,0.21164803795457462,0.43315824440261363,0.0
Monocytes_PB198,0.40798556991632834,0.20545351271993026,0.3865609173637415,0.0
NK cells_PB199,0.3558479595220845,0.18004632389233355,0.4641057165855819,0.0
B cells_PB200,0.41258920040343616,0.20618861180608944,0.3812221877904744,0.0
Monocytes_PB201,0.3714130048350443,0.2185390186365747,0.410047976528381,0.0
Monocytes_PB202,0.4086290045387534,0.17985762941460365,0.41151336604664296,0.0
NK cells_PB203,0.3794516788719497,0.19783723576118134,0.4227110853668689,0.0
T cells_PB204,0.3882089572891268,0.20826804987819642,0.4035229928326767,0.0
T cells_PB205,0.3706051033005924,0.2157997797328341,0.4135951169665735,0.0
B cells_PB206,0.3572888189336064,0.2137510642128027,0.4289601168535909,0.0
NK cells_PB207,0.36639513314134786,0.21124631283726295,0.42235855402138905,0.0
T cells_PB208,0.4090705119916787,0.18355004757409532,0.40737944043422586,0.0
NK cells_PB209,0.36430063664985635,0.21485770569764498,0.4208416576524988,0.0
NK cells_PB210,0.35197919110908665,0.20865716275571192,0.4393636461352014,0.0
NK cells_PB211,0.3696319827038135,0.21663941076915227,0.4137286065270343,0.0
B cells_PB212,0.4126037435185208,0.1897098944493482,0.39768636203213104,0.0
Monocytes_PB213,0.3904841501132255,0.2004098135596015,0.40910603632717296,0.0
B cells_PB214,0.41775856695282826,0.17949030362736726,0.4027511294198044,0.0
T cells_PB215,0.40719598489497855,0.1705635988401631,0.42224041626485853,0.0
NK cells_PB216,0.3514058342852777,0.2098919967683807,0.4387021689463417,0.0
B cells_PB217,0.39380813279834687,0.19415500963883486,0.4120368575628184,0.0
Monocytes_PB218,0.40103792423104934,0.21420364122499846,0.3847584345439522,0.0
T cells_PB219,0.38899069542824954,0.18662834397573594,0.42438096059601454,0.0
T cells_PB220,0.3981303224412259,0.20459603946882124,0.3972736380899528,0.0
NK cells_PB221,0.3502119473206152,0.18374956016491192,0.46603849251447277,0.0
Monocytes_PB222,0.3638404040152515,0.22364683222129197,0.41251276376345664,0.0
Monocytes_PB223,0.3603612747958933,0.2093306774029079,0.4303080478011989,0.0
B cells_PB224,0.421542836417202,0.17841304655973825,0.4000441170230598,0.0
B cells_PB225,0.42328423109317553,0.17939649431805468,0.3973192745887698,0.0
Monocytes_PB226,0.3594752441412135,0.21024279847634267,0.4302819573824438,0.0
T cells_PB227,0.4095643379603527,0.1842835698377327,0.4061520922019145,0.0
B cells_PB228,0.4157383917871163,0.17247740090805097,0.41178420730483273,0.0
T cells_PB229,0.42024290367779776,0.18067335975696194,0.3990837365652402,0.0
B cells_PB230,0.4351486119522698,0.19409764358318413,0.370753744464546,0.0
T cells_PB231,0.38314665989468766,0.2054860397676631,0.41136730033764923,0.0
NK cells_PB232,0.3046555731882453,0.20058453799934609,0.4947598888124087,0.0
B cells_PB233,0.4296168956063684,0.1780406260986552,0.39234247829497637,0.0
T cells_PB234,0.3691347667055589,0.22292236785688854,0.4079428654375524,0.0
B cells_PB235,0.4027826495948913,0.20299700625067763,0.3942203441544309,0.0
T cells_PB236,0.3450218848007745,0.2212847898276473,0.4336933253715782,0.0
Monocytes_PB237,0.36747866399279494,0.24546935610117265,0.38705197990603246,0.0
Monocytes_PB238,0.42764407491167694,0.15904049353273808,0.41331543155558487,0.0
NK cells_PB239,0.3405577694297822,0.1643373868163608,0.4951048437538569,0.0
T cells_PB240,0.35959460241703356,0.19495518935899517,0.4454502082239713,0.0
B cells_PB241,0.43646328859385436,0.18119343790161094,0.3823432735045347,0.0
T cells_PB242,0.4744512443469143,0.14712637860265387,0.3784223770504318,0.0
NK cells_PB243,0.32847895462363536,0.16351494543662004,0.5080060999397447,0.0
B cells_PB244,0.4315657026353231,0.16196822448095638,0.40646607288372055,0.0
B cells_PB245,0.41195110452590916,0.18691260497329543,0.4011362905007954,0.0
B cells_PB246,0.4292755973282696,0.17905726041426073,0.3916671422574697,0.0
Monocytes_PB247,0.4016026015558514,0.18443182762449123,0.41396557081965746,0.0
B cells_PB248,0.428195842688618,0.17874455321871416,0.39305960409266777,0.0
Monocytes_PB249,0.37871591001395705,0.21280642492912974,0.4084776650569133,0.0
Monocytes_PB250,0.3529661775826415,0.2303106592021532,0.41672316321520536,0.0
