,B cells,Monocytes,NK cells,T cells
B cells_PB1,0.32886317156082273,0.11421518662038987,0.5569216418187874,0.0
B cells_PB2,0.5844147252347959,0.027517099197193792,0.3880681755680104,0.0
NK cells_PB3,0.13857292304229862,0.061263774899677714,0.8001633020580237,0.0
T cells_PB4,0.07918629728937217,0.22453141762778017,0.6962822850828477,0.0
T cells_PB5,0.02761117306240387,0.4317431007662381,0.540645726171358,0.0
NK cells_PB6,0.13327680053137372,0.16410796726118604,0.7026152322074402,0.0
T cells_PB7,0.0,0.4282321397672454,0.5717678602327546,0.0
NK cells_PB8,0.0,0.0977249425037875,0.9022750574962125,0.0
Monocytes_PB9,0.08821582631181217,0.3582726215290834,0.5535115521591044,0.0
B cells_PB10,0.5694364444321978,0.014135305300629245,0.41642825026717306,0.0
Monocytes_PB11,0.30885733228899676,0.01465897997301925,0.676483687737984,0.0
B cells_PB12,0.5863608766932057,0.012224719846363355,0.40141440346043095,0.0
T cells_PB13,0.25823078332576327,0.05099410014967804,0.6907751165245587,0.0
NK cells_PB14,0.027534782609246935,0.21651757542087452,0.7559476419698785,0.0
B cells_PB15,0.2318356468372743,0.17394925252668134,0.5942151006360444,0.0
Monocytes_PB16,0.474129218114261,0.0,0.525870781885739,0.0
T cells_PB17,0.0,0.4148355012746055,0.5851644987253944,0.0
T cells_PB18,0.04831364051955317,0.18739278108133398,0.7642935783991128,0.0
T cells_PB19,0.1591276210804007,0.319720367776505,0.5211520111430943,0.0
T cells_PB20,0.0,0.3924721622706935,0.6075278377293065,0.0
T cells_PB21,0.1860724238348665,0.09681020011555437,0.7171173760495791,0.0
Monocytes_PB22,0.18412811939129095,0.0,0.8158718806087091,0.0
NK cells_PB23,0.0,0.10782901100362983,0.8921709889963702,0.0
Monocytes_PB24,0.2781665353212078,0.13656906508223238,0.5852643995965598,0.0
T cells_PB25,0.0,0.3123481717864036,0.6876518282135964,0.0
T cells_PB26,0.3709248092129694,0.0,0.6290751907870306,0.0
NK cells_PB27,0.0,0.11005310519421915,0.8899468948057808,0.0
Monocytes_PB28,0.08896561343197419,0.25391210799418223,0.6571222785738435,0.0
B cells_PB29,0.45889137668153573,0.010953911315606912,0.5301547120028574,0.0
T cells_PB30,0.1010484356725613,0.39322568648165906,0.5057258778457797,0.0
Monocytes_PB31,0.0,0.3529195110795378,0.6470804889204622,0.0
T cells_PB32,0.16082993405879648,0.30226896218958277,0.5369011037516207,0.0
T cells_PB33,0.15845217660451183,0.39946473091180573,0.44208309248368244,0.0
NK cells_PB34,0.11279255259681548,0.058448282275301515,0.828759165127883,0.0
T cells_PB35,0.4283280219875719,0.0,0.5716719780124281,0.0
NK cells_PB36,0.15196664813085167,0.0,0.8480333518691484,0.0
NK cells_PB37,0.029039891399259794,0.263303413601635,0.7076566949991052,0.0
T cells_PB38,0.12561014696202435,0.4192773219479886,0.45511253108998706,0.0
NK cells_PB39,0.0,0.013550137278507457,0.9864498627214925,0.0
Monocytes_PB40,0.11695916017204512,0.30648939926467894,0.5765514405632759,0.0
NK cells_PB41,0.013664511710630843,0.23116706575796334,0.7551684225314058,0.0
B cells_PB42,0.5512418823801957,0.0501123783562668,0.3986457392635376,0.0
T cells_PB43,0.0,0.533983956884242,0.4660160431157579,0.0
NK cells_PB44,0.08810775937889223,0.015251350226096708,0.896640890395011,0.0
T cells_PB45,0.12353064476256746,0.4154932734127851,0.4609760818246475,0.0
NK cells_PB46,0.0,0.012215005769886237,0.9877849942301138,0.0
B cells_PB47,0.4082280816581978,0.10617834427756093,0.48559357406424125,0.0
NK cells_PB48,0.10135916600331865,0.007057785863399287,0.891583048133282,0.0
T cells_PB49,0.3082741052957083,0.13750401340033633,0.5542218813039554,0.0
Monocytes_PB50,0.3558647712968373,0.0,0.6441352287031628,0.0
Monocytes_PB51,0.0405915372218558,0.49429895931463597,0.46510950346350816,0.0
Monocytes_PB52,0.0,0.483068987886772,0.5169310121132279,0.0
Monocytes_PB53,0.0,0.5566978633130818,0.44330213668691826,0.0
NK cells_PB54,0.0,0.036305831729498673,0.9636941682705014,0.0
Monocytes_PB55,0.17056446467353245,0.15830362191129502,0.6711319134151725,0.0
Monocytes_PB56,0.044409222525631085,0.505140965494752,0.4504498119796169,0.0
NK cells_PB57,0.21557385220020298,0.18396103292465366,0.6004651148751434,0.0
T cells_PB58,0.14224624211202455,0.23870668648015164,0.6190470714078238,0.0
T cells_PB59,0.15675174637281378,0.4174639585365261,0.42578429509066007,0.0
T cells_PB60,0.05147438233557657,0.3812531599476896,0.5672724577167338,0.0
NK cells_PB61,0.0,0.13240455734169235,0.8675954426583077,0.0
B cells_PB62,0.2620669156981694,0.047386308131677456,0.6905467761701531,0.0
Monocytes_PB63,0.12987386561823677,0.5150764752510256,0.3550496591307376,0.0
Monocytes_PB64,0.03689221877416806,0.27220793489752715,0.6908998463283048,0.0
B cells_PB65,0.5575192883415703,0.0011393747561851038,0.44134133690224464,0.0
B cells_PB66,0.5587698266060505,0.0834207161937457,0.35780945720020385,0.0
Monocytes_PB67,0.3864991154741273,0.0,0.6135008845258727,0.0
Monocytes_PB68,0.18495288725681816,0.39467302943940746,0.42037408330377435,0.0
T cells_PB69,0.11118148004925904,0.4218449830936052,0.4669735368571358,0.0
Monocytes_PB70,0.10271049637361282,0.47230049079525876,0.42498901283112844,0.0
B cells_PB71,0.57660221610343,0.008748842318268515,0.4146489415783015,0.0
T cells_PB72,0.030936461314612362,0.37799569044198555,0.5910678482434021,0.0
B cells_PB73,0.17808033263542816,0.12624361553123029,0.6956760518333416,0.0
B cells_PB74,0.5047903923392288,0.0,0.4952096076607712,0.0
T cells_PB75,0.1993690880170883,0.1296050699287902,0.6710258420541215,0.0
NK cells_PB76,0.0,0.0,1.0,0.0
Monocytes_PB77,0.05395384344111632,0.39444856752401286,0.5515975890348708,0.0
Monocytes_PB78,0.31711660595393604,0.0,0.6828833940460639,0.0
B cells_PB79,0.4918054097387431,0.04868085032709348,0.45951373993416345,0.0
B cells_PB80,0.27856657001164775,0.11790175595783638,0.6035316740305158,0.0
B cells_PB81,0.7479771875646225,0.0,0.2520228124353775,0.0
B cells_PB82,0.6266501198377155,0.0,0.37334988016228454,0.0
Monocytes_PB83,0.2701766235554603,0.10435275086169167,0.625470625582848,0.0
NK cells_PB84,0.2287544409310445,0.15560391138946852,0.615641647679487,0.0
T cells_PB85,0.07941125658506445,0.30200659946804403,0.6185821439468915,0.0
NK cells_PB86,0.12936441343141936,0.07474122949029953,0.7958943570782812,0.0
T cells_PB87,0.3545039194513118,0.022822828487082447,0.6226732520616057,0.0
NK cells_PB88,0.0,0.021423821318852995,0.978576178681147,0.0
NK cells_PB89,0.09240428057462743,0.0,0.9075957194253725,0.0
T cells_PB90,0.004316098935454312,0.3825950400181476,0.613088861046398,0.0
T cells_PB91,0.0015336028283772132,0.4635747560635444,0.5348916411080783,0.0
Monocytes_PB92,0.0,0.4710803222065715,0.5289196777934285,0.0
NK cells_PB93,0.0,0.022876430446650418,0.9771235695533496,0.0
B cells_PB94,0.5078381793632096,0.0030427293731415915,0.48911909126364883,0.0
B cells_PB95,0.5764647330009315,0.0,0.4235352669990685,0.0
B cells_PB96,0.41766022887713045,0.052591196839870055,0.5297485742829995,0.0
B cells_PB97,0.5494675978597102,0.05160215927542593,0.3989302428648638,0.0
Monocytes_PB98,0.07218956421152746,0.31502722353686285,0.6127832122516096,0.0
NK cells_PB99,0.1977187408571812,0.12904224868663927,0.6732390104561795,0.0
Monocytes_PB100,0.3728522585023624,0.0,0.6271477414976376,0.0
Monocytes_PB101,0.4483971542905812,0.0,0.5516028457094189,0.0
T cells_PB102,0.07571155142740649,0.14747706461107699,0.7768113839615166,0.0
NK cells_PB103,0.0,0.16429026123814414,0.8357097387618558,0.0
B cells_PB104,0.44891500721777733,0.06431363482473466,0.48677135795748805,0.0
NK cells_PB105,0.0,0.03775595416695114,0.9622440458330488,0.0
Monocytes_PB106,0.2527571866718423,0.05955530544732586,0.6876875078808319,0.0
NK cells_PB107,0.121861268894532,0.1721045498138188,0.7060341812916492,0.0
Monocytes_PB108,0.0,0.5092316261727526,0.4907683738272473,0.0
B cells_PB109,0.4623089151300193,0.10623742065374048,0.4314536642162402,0.0
Monocytes_PB110,0.16193160794551162,0.0,0.8380683920544884,0.0
T cells_PB111,0.14276924631093738,0.2990860183499215,0.5581447353391412,0.0
NK cells_PB112,0.2655412672476974,0.0,0.7344587327523026,0.0
T cells_PB113,0.2901606897847604,0.0,0.7098393102152395,0.0
T cells_PB114,0.4645402180688628,0.0,0.5354597819311372,0.0
B cells_PB115,0.494589479906622,0.043637811823441605,0.4617727082699363,0.0
Monocytes_PB116,0.10624306014520737,0.4096787040782335,0.4840782357765592,0.0
Monocytes_PB117,0.0,0.5261349430977449,0.47386505690225506,0.0
NK cells_PB118,0.07546986987139201,0.19316140722617614,0.7313687229024318,0.0
B cells_PB119,0.6249494968189866,0.004402320939326912,0.3706481822416865,0.0
NK cells_PB120,0.024413153062068902,0.013034834212596694,0.9625520127253344,0.0
NK cells_PB121,0.1265165610438151,0.0,0.8734834389561849,0.0
NK cells_PB122,0.04886710734440349,0.0,0.9511328926555965,0.0
NK cells_PB123,0.09437121352659254,0.08988748924466065,0.8157412972287468,0.0
B cells_PB124,0.04754016828167531,0.30134805777137935,0.6511117739469453,0.0
B cells_PB125,0.42625615486870544,0.147284599921452,0.42645924520984263,0.0
T cells_PB126,0.3282488251317831,0.15831346880647662,0.5134377060617402,0.0
B cells_PB127,0.6017846694068454,0.0,0.39821533059315467,0.0
B cells_PB128,0.6875488687507794,0.0,0.31245113124922064,0.0
T cells_PB129,0.025848492699974236,0.4174861402424973,0.5566653670575286,0.0
B cells_PB130,0.4980153616298068,0.017494829671666264,0.4844898086985269,0.0
B cells_PB131,0.30625178415314985,0.10134340640788933,0.5924048094389608,0.0
Monocytes_PB132,0.37157414660105204,0.0,0.6284258533989481,0.0
B cells_PB133,0.41355939467884345,0.1070796315062323,0.47936097381492426,0.0
NK cells_PB134,0.20090160023078663,0.026282186146014387,0.772816213623199,0.0
Monocytes_PB135,0.0,0.6069283958183915,0.3930716041816084,0.0
Monocytes_PB136,0.22732909818384053,0.16322136677863233,0.6094495350375272,0.0
Monocytes_PB137,0.006306510118162808,0.3837903032622398,0.6099031866195974,0.0
B cells_PB138,0.4953368570590277,0.0,0.5046631429409724,0.0
T cells_PB139,0.1996223198704626,0.29611405461520596,0.5042636255143315,0.0
Monocytes_PB140,0.00033132947881940285,0.5946285032035472,0.4050401673176333,0.0
B cells_PB141,0.6028056001903916,0.0,0.39719439980960836,0.0
NK cells_PB142,0.11587934436502505,0.10042250098130337,0.7836981546536715,0.0
NK cells_PB143,0.0,0.08997356447841057,0.9100264355215893,0.0
Monocytes_PB144,0.22356746822744297,0.08912605962260617,0.6873064721499509,0.0
T cells_PB145,0.05387304423469915,0.3772353729071765,0.5688915828581245,0.0
NK cells_PB146,0.09609286328641474,0.08235293412550754,0.8215542025880777,0.0
B cells_PB147,0.4600268606120732,0.07507454423861035,0.4648985951493165,0.0
NK cells_PB148,0.0,0.020913744202835437,0.9790862557971646,0.0
T cells_PB149,0.1008837197870311,0.39126798155443815,0.5078482986585308,0.0
T cells_PB150,0.10248401314862716,0.4047524533481915,0.4927635335031813,0.0
NK cells_PB151,0.0,0.045979099315934836,0.9540209006840652,0.0
T cells_PB152,0.0017892464775822758,0.5218128260478692,0.47639792747454845,0.0
NK cells_PB153,0.0,0.316903453398914,0.683096546601086,0.0
T cells_PB154,0.1135273842881709,0.2211871884405811,0.665285427271248,0.0
Monocytes_PB155,0.0,0.568344204170758,0.431655795829242,0.0
Monocytes_PB156,0.16083179016674834,0.022172637326817457,0.8169955725064342,0.0
T cells_PB157,0.2537053016284378,0.1582865025224748,0.5880081958490874,0.0
NK cells_PB158,0.10092826176561016,0.061756356012959444,0.8373153822214304,0.0
Monocytes_PB159,0.2551054037682688,0.03303980705058618,0.7118547891811451,0.0
B cells_PB160,0.5517424315159725,0.0,0.44825756848402754,0.0
NK cells_PB161,0.06754928618540175,0.06841125686802643,0.8640394569465718,0.0
NK cells_PB162,0.05511205403315905,0.0,0.9448879459668409,0.0
NK cells_PB163,0.0,0.0,1.0,0.0
NK cells_PB164,0.05977675335788731,0.13395336713655373,0.806269879505559,0.0
Monocytes_PB165,0.41536457666847454,0.0,0.5846354233315254,0.0
NK cells_PB166,0.0,0.07342550089045806,0.9265744991095419,0.0
NK cells_PB167,0.1160649197531756,0.1985180166779559,0.6854170635688686,0.0
NK cells_PB168,0.05455793883088156,0.19750289915014504,0.7479391620189735,0.0
NK cells_PB169,0.13493104133843925,0.15299001333038204,0.7120789453311787,0.0
NK cells_PB170,0.04911855800284031,0.0006360529286706998,0.950245389068489,0.0
NK cells_PB171,0.11717012153710848,0.04736312279075243,0.8354667556721391,0.0
T cells_PB172,0.05393035204523959,0.35951617172808387,0.5865534762266764,0.0
B cells_PB173,0.5120571591056098,0.12337216345946032,0.3645706774349299,0.0
Monocytes_PB174,0.2971342118619421,0.10323857657835717,0.5996272115597007,0.0
B cells_PB175,0.5078907802034023,0.0,0.4921092197965977,0.0
NK cells_PB176,0.1535809166514149,0.08803476097149389,0.7583843223770912,0.0
T cells_PB177,0.2477058844046827,0.0,0.7522941155953173,0.0
Monocytes_PB178,0.17133734414716656,0.24118770797835778,0.5874749478744756,0.0
T cells_PB179,0.2848214555268642,0.0,0.7151785444731358,0.0
Monocytes_PB180,0.30058526915205264,0.015606603329475052,0.6838081275184722,0.0
B cells_PB181,0.29094714925090154,0.20717202706988477,0.5018808236792136,0.0
B cells_PB182,0.1894182270728527,0.11537461545791097,0.6952071574692363,0.0
T cells_PB183,0.33182543219715926,0.0,0.6681745678028407,0.0
Monocytes_PB184,0.15612821838406213,0.521365088020589,0.32250669359534884,0.0
T cells_PB185,0.0,0.5222814047128181,0.4777185952871819,0.0
NK cells_PB186,0.0,0.0,1.0,0.0
B cells_PB187,0.6618381025193967,0.0,0.3381618974806033,0.0
Monocytes_PB188,0.1816931487097411,0.3320471072372612,0.48625974405299766,0.0
NK cells_PB189,0.0590231034133633,0.09158755163037781,0.8493893449562588,0.0
Monocytes_PB190,0.3004624843176002,0.004299722428214324,0.6952377932541854,0.0
B cells_PB191,0.11867177909026264,0.1415184963214094,0.7398097245883279,0.0
NK cells_PB192,0.11401676909217771,0.06993996761447394,0.8160432632933483,0.0
NK cells_PB193,0.0,0.0,1.0,0.0
NK cells_PB194,0.06085079237569308,0.011249254513632777,0.9278999531106741,0.0
Monocytes_PB195,0.12795388834964755,0.1645978575792376,0.7074482540711148,0.0
B cells_PB196,0.38252249020470774,0.020371250471005357,0.597106259324287,0.0
T cells_PB197,0.24520537487440897,0.0,0.754794625125591,0.0
B cells_PB198,0.6400188636089441,0.0,0.3599811363910559,0.0
NK cells_PB199,0.07249831758477679,0.05837358820351466,0.8691280942117086,0.0
NK cells_PB200,0.017985390046119855,0.0888847641750522,0.8931298457788279,0.0
B cells_PB201,0.5553167160484962,0.039967744421693464,0.4047155395298103,0.0
Monocytes_PB202,0.3450945059091097,0.012161775125155386,0.6427437189657349,0.0
NK cells_PB203,0.0,0.18011614960470693,0.8198838503952931,0.0
T cells_PB204,0.27844419901431355,0.0,0.7215558009856864,0.0
T cells_PB205,0.0315421538867348,0.2010434763965245,0.7674143697167407,0.0
NK cells_PB206,0.017883699461790904,0.24416053508587976,0.7379557654523292,0.0
NK cells_PB207,0.19180371888339195,0.16419876098820346,0.6439975201284046,0.0
NK cells_PB208,0.0,0.08882130943179953,0.9111786905682004,0.0
T cells_PB209,0.01409619833891797,0.5019522177723375,0.48395158388874465,0.0
Monocytes_PB210,0.1479252555325443,0.0,0.8520747444674558,0.0
B cells_PB211,0.5933329773642988,0.008450414319995058,0.3982166083157061,0.0
B cells_PB212,0.5822692827659353,0.022311150651150618,0.39541956658291405,0.0
B cells_PB213,0.5849719246698996,0.0,0.41502807533010044,0.0
T cells_PB214,0.08053625069430505,0.41471399899646894,0.5047497503092261,0.0
T cells_PB215,0.2912431389010898,0.0,0.7087568610989101,0.0
B cells_PB216,0.2368722954905971,0.20475428335640086,0.5583734211530021,0.0
NK cells_PB217,0.07487790490863552,0.09543264123368557,0.8296894538576789,0.0
T cells_PB218,0.17968345741207417,0.143688116152462,0.6766284264354638,0.0
T cells_PB219,0.15211354371795563,0.1605146174613208,0.6873718388207235,0.0
NK cells_PB220,0.0,0.05447048856342484,0.9455295114365752,0.0
Monocytes_PB221,0.0,0.5278299998755865,0.47217000012441346,0.0
NK cells_PB222,0.1627331963070282,0.0021918384548687466,0.835074965238103,0.0
T cells_PB223,0.0,0.3570027194302951,0.642997280569705,0.0
B cells_PB224,0.3643761949349338,0.07553674465704827,0.5600870604080179,0.0
B cells_PB225,0.2722140857045022,0.161059224847471,0.5667266894480268,0.0
NK cells_PB226,0.0,0.20396966973299382,0.7960303302670061,0.0
T cells_PB227,0.28437187554704213,0.0,0.7156281244529579,0.0
NK cells_PB228,0.023838098616727532,0.17361011190550835,0.8025517894777642,0.0
NK cells_PB229,0.0,0.04366797630905288,0.9563320236909472,0.0
T cells_PB230,0.23990750331940647,0.24159157472300288,0.5185009219575906,0.0
T cells_PB231,0.3143243004786726,0.12191355965049189,0.5637621398708355,0.0
B cells_PB232,0.3968764063949706,0.08796771931376247,0.5151558742912669,0.0
Monocytes_PB233,0.2823828188920106,0.18728859622338245,0.5303285848846069,0.0
NK cells_PB234,0.0,0.12349641485903229,0.8765035851409677,0.0
NK cells_PB235,0.0,0.19482670144112943,0.8051732985588705,0.0
Monocytes_PB236,0.0,0.508762984891586,0.49123701510841405,0.0
Monocytes_PB237,0.3052644096847756,0.02615753331444179,0.6685780570007827,0.0
B cells_PB238,0.26707216053917043,0.14892202908135085,0.5840058103794789,0.0
T cells_PB239,0.16883143670117284,0.07129962427625022,0.7598689390225769,0.0
T cells_PB240,0.05374776222270463,0.43000840965926673,0.5162438281180286,0.0
NK cells_PB241,0.07186615227227013,0.04894207940972556,0.8791917683180043,0.0
T cells_PB242,0.19488293106388402,0.0,0.8051170689361159,0.0
T cells_PB243,0.486603866188086,0.0,0.513396133811914,0.0
Monocytes_PB244,0.16242659699623202,0.28287875135578155,0.5546946516479864,0.0
NK cells_PB245,0.06039595449880528,0.3048142618987292,0.6347897836024655,0.0
B cells_PB246,0.7080011363072268,0.049125949886252726,0.2428729138065205,0.0
NK cells_PB247,0.035949807017040945,0.07826682129236547,0.8857833716905935,0.0
NK cells_PB248,0.0,0.05124803488206193,0.948751965117938,0.0
B cells_PB249,0.6696229451275415,0.0065503010408317665,0.32382675383162673,0.0
B cells_PB250,0.6718613832044061,0.0,0.32813861679559386,0.0
