,B cells,Monocytes,NK cells,T cells
B cells_PB1,0.3025337457878362,0.4055274643841038,0.0,0.29193878982805993
B cells_PB2,0.527982009132781,0.2554809765011457,0.01311232379914592,0.20342469056692733
NK cells_PB3,0.3128612358507039,0.38700463034988836,0.010775630821942784,0.28935850297746496
T cells_PB4,0.24031394961708905,0.46998441039106376,0.0,0.2897016399918473
T cells_PB5,0.244841928358437,0.6052225844039177,0.0,0.14993548723764535
NK cells_PB6,0.20037289177991574,0.48194725587285225,0.028346803405154247,0.28933304894207784
T cells_PB7,0.3715548751582874,0.6199669599344111,0.0,0.008478164907301444
NK cells_PB8,0.14794239016093036,0.3202033177033049,0.23495418480050875,0.2969001073352559
Monocytes_PB9,0.22507860101356925,0.610399196510253,0.0,0.16452220247617774
B cells_PB10,0.33800162782208226,0.3272544263573257,0.06844696943599657,0.2662969763845955
Monocytes_PB11,0.3137379522774919,0.2887323640473066,0.0,0.3975296836752014
B cells_PB12,0.5566713898336694,0.30552122378832774,0.072338358180737,0.06546902819726584
T cells_PB13,0.12146617100578581,0.36066927785063574,0.043555889141522364,0.4743086620020562
NK cells_PB14,0.10038223686731276,0.47885991869082734,0.06901956180884969,0.35173828263301027
B cells_PB15,0.21719905019207664,0.4534288308947277,0.008261279664938174,0.3211108392482574
Monocytes_PB16,0.24393383329045998,0.3725422329296683,0.0,0.3835239337798717
T cells_PB17,0.3462743757729393,0.5849450341772392,0.0,0.06878059004982164
T cells_PB18,0.2963685781921537,0.44952603982289496,0.0,0.2541053819849514
T cells_PB19,0.20532806226834113,0.6222159047886081,0.0,0.17245603294305076
T cells_PB20,0.1187671949109277,0.5602485043750961,0.008901156924238684,0.31208314378973756
T cells_PB21,0.27380774938390184,0.43197653520398765,0.0,0.2942157154121105
Monocytes_PB22,0.21122545563602993,0.40245836616637615,0.0,0.38631617819759395
NK cells_PB23,0.15315346019301782,0.47022262747967825,0.07872961006799156,0.2978943022593123
Monocytes_PB24,0.16709699458729127,0.4308997686268727,0.0801035036085788,0.32189973317725734
T cells_PB25,0.21741837301964326,0.5522926087929606,0.0,0.23028901818739625
T cells_PB26,0.11161710829072784,0.3950924264731256,0.06770333869312624,0.42558712654302033
NK cells_PB27,0.29429973836971196,0.39085951329112545,0.0,0.3148407483391626
Monocytes_PB28,0.08542575350701023,0.5336167678601221,0.06129212447943531,0.31966535415343234
B cells_PB29,0.3016130802803002,0.39312297081628533,0.05028215235742311,0.2549817965459913
T cells_PB30,0.2635056009001182,0.5623183998508664,0.0,0.17417599924901536
Monocytes_PB31,0.1582312308005171,0.5812288472052033,0.0,0.2605399219942796
T cells_PB32,0.2972508299286659,0.563689510855066,0.0,0.1390596592162681
T cells_PB33,0.19679659089719054,0.5591903965017421,0.012992723138734149,0.23102028946233313
NK cells_PB34,0.25068684251987244,0.3403728634198933,0.17207026144545748,0.23687003261477685
T cells_PB35,0.15943355902240558,0.33202412987743923,0.0,0.5085423111001552
NK cells_PB36,0.2877285633844439,0.377302548750675,0.06856517376262476,0.2664037141022563
NK cells_PB37,0.1219365734536926,0.4257500805751629,0.13419822589569297,0.3181151200754517
T cells_PB38,0.28238946600970244,0.6124675835141216,0.0,0.10514295047617606
NK cells_PB39,0.17354550802701113,0.3383985485577437,0.14980101703868462,0.3382549263765606
Monocytes_PB40,0.29162378058412664,0.5171606583990773,0.0,0.19121556101679613
NK cells_PB41,0.1931624536424783,0.5011627903173259,0.0,0.30567475604019584
B cells_PB42,0.3380068934163543,0.4271618381806064,0.04196371665103469,0.1928675517520047
T cells_PB43,0.22058990472767875,0.5740408995889412,0.0,0.20536919568338005
NK cells_PB44,0.28200561020004467,0.36514641081827864,0.07940895137242027,0.27343902760925654
T cells_PB45,0.2471644373816986,0.6234293675139512,0.0,0.12940619510435028
NK cells_PB46,0.26140517197210617,0.4053381782560527,0.05577503328262879,0.2774816164892124
B cells_PB47,0.28017952619857545,0.4237065068003576,0.0033681255648664575,0.2927458414362004
NK cells_PB48,0.15728532018976785,0.3787747479081675,0.135224107523831,0.3287158243782336
T cells_PB49,0.28997812449009075,0.47287758350416637,0.0,0.2371442920057428
Monocytes_PB50,0.13097853885649247,0.3680138781522147,0.04347184171990385,0.4575357412713889
Monocytes_PB51,0.22886595650184619,0.6977843922825021,0.0,0.07334965121565172
Monocytes_PB52,0.3342907932803373,0.617154317576926,0.0,0.048554889142736625
Monocytes_PB53,0.3674252830803788,0.6325747169196212,0.0,0.0
NK cells_PB54,0.2234101206988503,0.3408103556062733,0.14943521070490334,0.28634431298997304
Monocytes_PB55,0.17864607361171628,0.5204708099982893,0.07274188926143908,0.2281412271285554
Monocytes_PB56,0.21954539092366124,0.6563081000914172,0.0,0.12414650898492163
NK cells_PB57,0.16974138845498687,0.500130715162546,0.09983830334676734,0.2302895930356999
T cells_PB58,0.2000537931427633,0.55253207086907,0.017042015893787326,0.23037212009437946
T cells_PB59,0.2505423730027045,0.5681348918022142,0.0,0.18132273519508132
T cells_PB60,0.2593658539451085,0.5605026683992893,0.0,0.18013147765560217
NK cells_PB61,0.10162861538681939,0.4357691210374733,0.2025303575756901,0.2600719060000173
B cells_PB62,0.3213630295501652,0.49713197598520403,0.0,0.18150499446463075
Monocytes_PB63,0.2795719618649634,0.6828341350911261,0.0,0.03759390304391042
Monocytes_PB64,0.20724453727862013,0.4861566387358426,0.039514283370912985,0.2670845406146242
B cells_PB65,0.348681918962397,0.4603213379647846,0.0,0.19099674307281844
B cells_PB66,0.23463046782677227,0.40153876368862296,0.1417582667821804,0.22207250170242432
Monocytes_PB67,0.12257040736429974,0.3331900281120158,0.09591587061985023,0.44832369390383425
Monocytes_PB68,0.2231522347177289,0.6060496505030379,0.0,0.17079811477923312
T cells_PB69,0.28464391774042086,0.6307254797355045,0.0,0.08463060252407467
Monocytes_PB70,0.09942983288142969,0.7099016535488295,0.027862418859103386,0.16280609471063742
B cells_PB71,0.4655832701757828,0.3844658102514754,0.0200901397210874,0.1298607798516544
T cells_PB72,0.17849303550536547,0.5824041048333526,0.015192972290325285,0.22390988737095663
B cells_PB73,0.3254275032570506,0.4677940925395115,0.0,0.206778404203438
B cells_PB74,0.41499033430131405,0.3082232509019764,0.1163903364988027,0.1603960782979067
T cells_PB75,0.23860595168148785,0.3765755667980312,0.0,0.3848184815204809
NK cells_PB76,0.24151680302650363,0.36571637520435546,0.07255523214711769,0.32021158962202323
Monocytes_PB77,0.2959500794785295,0.6470635841271971,0.0,0.05698633639427338
Monocytes_PB78,0.1939125853811722,0.34463189199971955,0.0,0.46145552261910816
B cells_PB79,0.2898298718531408,0.40197391882401684,0.045188676124756376,0.26300753319808595
B cells_PB80,0.18570764070955553,0.42834389181385985,0.07316581146759912,0.3127826560089856
B cells_PB81,0.42475947410916765,0.29861361830794064,0.11134082917468677,0.1652860784082049
B cells_PB82,0.36061041995101556,0.34895263367417473,0.06042609439099547,0.23001085198381419
Monocytes_PB83,0.21197405586091,0.4713969338899407,0.019687969568467075,0.2969410406806822
NK cells_PB84,0.25889151593044246,0.49108823121268647,0.0,0.250020252856871
T cells_PB85,0.24035394478348282,0.550286134053619,0.0,0.20935992116289806
NK cells_PB86,0.2870925926038252,0.43528354697544414,0.0,0.27762386042073073
T cells_PB87,0.2421045036701105,0.4251706137929359,0.0,0.3327248825369535
NK cells_PB88,0.22563228249787504,0.3861253781411042,0.09971939005239118,0.2885229493086295
NK cells_PB89,0.17255234535383096,0.3466867364220475,0.2839721151595058,0.19678880306461566
T cells_PB90,0.2683492997366343,0.48472673041034176,0.0,0.246923969853024
T cells_PB91,0.3775454830623463,0.5828978269854982,0.0,0.039556689952155485
Monocytes_PB92,0.32957541589231876,0.5898708581965602,0.0,0.0805537259111211
NK cells_PB93,0.21820616030616263,0.29917962004975135,0.13069625106481306,0.351917968579273
B cells_PB94,0.4350458728001261,0.36928020079007645,0.002010603718895826,0.1936633226909017
B cells_PB95,0.48136299127818666,0.32649334596862734,0.05461550389956131,0.13752815885362474
B cells_PB96,0.30525413182362954,0.3925826878073568,0.10436168609440938,0.1978014942746043
B cells_PB97,0.39249529352852147,0.39801617558762287,0.03412157177779256,0.17536695910606315
Monocytes_PB98,0.1038236569256358,0.47868731134115206,0.1023634320720165,0.31512559966119563
NK cells_PB99,0.2463162504640946,0.5093032948076851,0.0,0.24438045472822023
Monocytes_PB100,0.24683891554459023,0.3478531979536652,0.04334543707106996,0.3619624494306745
Monocytes_PB101,0.19012841896566163,0.30673781497761815,0.02310740300762826,0.4800263630490919
T cells_PB102,0.2742853508396415,0.4719240091283056,0.0,0.25379064003205276
NK cells_PB103,0.1915928579635449,0.46001230635937507,0.029005799598379425,0.3193890360787005
B cells_PB104,0.33527149145158786,0.492928090116204,0.0,0.17180041843220817
NK cells_PB105,0.2285815900482132,0.37009781026644867,0.22806632796491028,0.17325427172042793
Monocytes_PB106,0.3192876813388443,0.4419404710356676,0.0,0.23877184762548814
NK cells_PB107,0.28269968502461496,0.4110540730965249,0.07707740859550671,0.22916883328335338
Monocytes_PB108,0.25279299156750673,0.5953126874457376,0.0,0.15189432098675565
B cells_PB109,0.31953196031784825,0.4525939179687207,0.0,0.22787412171343108
Monocytes_PB110,0.16356762009522474,0.26550203574734604,0.07418948530356412,0.4967408588538651
T cells_PB111,0.3377701506385272,0.5324301218006534,0.0,0.1297997275608193
NK cells_PB112,0.2022155657307076,0.4456610251082175,0.00852744035195716,0.34359596880911786
T cells_PB113,0.06394143008741747,0.3205065217700855,0.11637210798597834,0.49917994015651873
T cells_PB114,0.10552507170432855,0.3723358885171917,0.0568582694109371,0.4652807703675426
B cells_PB115,0.3990276217427606,0.37576038659220085,0.0006466852183042757,0.22456530644673434
Monocytes_PB116,0.3233023577482633,0.6521889494981656,0.0,0.024508692753571
Monocytes_PB117,0.17950570603728838,0.63913598264323,0.0,0.1813583113194817
NK cells_PB118,0.05607467415601816,0.44847319313533185,0.17031400852970013,0.3251381241789499
B cells_PB119,0.4687019233109209,0.3221049625210213,0.04151998211607696,0.16767313205198084
NK cells_PB120,0.20790543438321057,0.3943874919897298,0.11409397226219012,0.28361310136486945
NK cells_PB121,0.3089246773754699,0.3707720312734542,0.0534045309278791,0.26689876042319666
NK cells_PB122,0.30084538261185534,0.4110507905699362,0.06629726237395239,0.22180656444425603
NK cells_PB123,0.19561134004953992,0.40799625643489745,0.11445439846475822,0.28193800505080435
B cells_PB124,0.21546718115590582,0.47362056727316737,0.0,0.3109122515709268
B cells_PB125,0.30670866624882603,0.45130513255717564,0.0,0.24198620119399833
T cells_PB126,0.25874645142592867,0.5035242033092422,0.0,0.23772934526482914
B cells_PB127,0.3891865094311209,0.2962678791502319,0.10848669451611452,0.20605891690253272
B cells_PB128,0.5177830302628363,0.3207884973566008,0.04884945757018506,0.1125790148103778
T cells_PB129,0.25671683358671954,0.610883804299766,0.0,0.13239936211351455
B cells_PB130,0.2580660260455057,0.3757233618349197,0.1198927720633697,0.24631784005620486
B cells_PB131,0.3476362094664313,0.4770373565215123,0.0,0.1753264340120565
Monocytes_PB132,0.2197114923923728,0.42351952075540505,0.0,0.35676898685222214
B cells_PB133,0.3609983479272143,0.4729462716242794,0.0,0.1660553804485063
NK cells_PB134,0.18896671678292995,0.3412749772347873,0.09171231925002465,0.37804598673225803
Monocytes_PB135,0.107265490309192,0.7079890237761637,0.005921680564582259,0.17882380535006195
Monocytes_PB136,0.22626362561951646,0.45089721421937556,0.0,0.3228391601611079
Monocytes_PB137,0.15449648561017343,0.5544824293399023,0.0,0.2910210850499242
B cells_PB138,0.4795136518456828,0.3744005488529113,0.0,0.14608579930140594
T cells_PB139,0.1518072793063209,0.5280154370750503,0.0,0.3201772836186288
Monocytes_PB140,0.1359028012103464,0.6328722031223314,0.027041631232873863,0.2041833644344484
B cells_PB141,0.519559490134708,0.3364171631867178,0.03433407581197123,0.10968927086660292
NK cells_PB142,0.15893268997142362,0.4605678722541373,0.07727489512922597,0.3032245426452129
NK cells_PB143,0.2097743238534314,0.40418197020956603,0.09299421572022734,0.29304949021677523
Monocytes_PB144,0.20273775151285825,0.4442025860847958,0.03168318793797824,0.3213764744643677
T cells_PB145,0.21298351275002206,0.5297631130493603,0.0,0.25725337420061756
NK cells_PB146,0.10899958840065868,0.4697040302797912,0.028677961843234883,0.3926184194763152
B cells_PB147,0.369960402797991,0.3837976606420863,0.029752445064198697,0.21648949149572402
NK cells_PB148,0.10885768356484636,0.35641962217328704,0.2188025693616328,0.31592012490023375
T cells_PB149,0.19851286097691653,0.6373316771559114,0.0,0.16415546186717198
T cells_PB150,0.2672958889385207,0.5292475360432752,0.0,0.20345657501820405
NK cells_PB151,0.21719810192071443,0.3443663936403329,0.17091992021327002,0.2675155842256825
T cells_PB152,0.18912205751832126,0.6038047378191859,0.007716405470080279,0.1993567991924125
NK cells_PB153,0.1780906221889311,0.5391196518238255,0.0,0.2827897259872434
T cells_PB154,0.15544934908229519,0.49460314313975345,0.0042586517232349,0.34568885605471655
Monocytes_PB155,0.11618334268664594,0.6909911206565881,0.0,0.192825536656766
Monocytes_PB156,0.14947745752648242,0.4096957758625383,0.031247035355044715,0.40957973125593455
T cells_PB157,0.1961395566207206,0.46143822523661526,0.0,0.34242221814266416
NK cells_PB158,0.30873564842397566,0.3494912232982576,0.06977688459526489,0.2719962436825018
Monocytes_PB159,0.2800620272938498,0.38581897870626053,0.0,0.3341189939998896
B cells_PB160,0.42160144643558917,0.3464494402580398,0.040965447960904906,0.19098366534546612
NK cells_PB161,0.17422715562994115,0.46227730789190474,0.031712187660304536,0.33178334881784954
NK cells_PB162,0.2548632864947279,0.3669150433692744,0.056001412033528,0.3222202581024697
NK cells_PB163,0.24032316261329947,0.348751259485105,0.12107803719192595,0.28984754070966956
NK cells_PB164,0.27413383459283475,0.4203988352265381,0.002652058890890854,0.30281527128973623
Monocytes_PB165,0.19732017949881953,0.3537956920256476,0.007001079645879967,0.44188304882965296
NK cells_PB166,0.20368200831666924,0.38274299304822745,0.15752010227356977,0.2560548963615335
NK cells_PB167,0.17300380228187168,0.40388342928337195,0.10821286626466724,0.3148999021700891
NK cells_PB168,0.23793278386697433,0.5142923195282685,0.0,0.24777489660475713
NK cells_PB169,0.24048730769733928,0.47631327831421455,0.0,0.28319941398844617
NK cells_PB170,0.15308595899204658,0.3416569509422632,0.1746596964170257,0.33059739364866453
NK cells_PB171,0.09308199494929213,0.3735797126539698,0.25684201626649344,0.2764962761302445
T cells_PB172,0.15589914934565963,0.5599174412437559,0.08648945104561656,0.19769395836496786
B cells_PB173,0.36536995525965904,0.37067703853353196,0.026369499979063425,0.2375835062277455
Monocytes_PB174,0.2364872979697294,0.45038374660055963,0.007528992088356178,0.30559996334135475
B cells_PB175,0.4388509286569236,0.4003136016416492,0.0,0.16083546970142715
NK cells_PB176,0.30430396459637377,0.45994304966794525,0.0,0.23575298573568104
T cells_PB177,0.1898766900090097,0.38440845702361925,0.03318745970685857,0.3925273932605125
Monocytes_PB178,0.22539068211939203,0.4614765959022369,0.0,0.31313272197837105
T cells_PB179,0.19699315199255926,0.3244189109743754,0.0,0.4785879370330653
Monocytes_PB180,0.22060501538729388,0.4005530335339626,0.00343389850052046,0.37540805257822296
B cells_PB181,0.19635134068576196,0.38305919274421185,0.07736212508420931,0.3432273414858169
B cells_PB182,0.2025017072826821,0.424602406660882,0.0,0.3728958860564358
T cells_PB183,0.122671156984972,0.3342439968245875,0.0,0.5430848461904405
Monocytes_PB184,0.19620240575457573,0.6398392025387759,0.0,0.16395839170664828
T cells_PB185,0.17475347335202943,0.5367445875226105,0.03874677524484006,0.24975516388052016
NK cells_PB186,0.1644756746563441,0.4149516941733359,0.1098024652401776,0.3107701659301425
B cells_PB187,0.4786971937429249,0.3475397068833289,0.047472224841843644,0.1262908745319026
Monocytes_PB188,0.2771865428558332,0.5690989256947722,0.0,0.15371453144939462
NK cells_PB189,0.2548523308373188,0.4263336769283159,0.06468283431624025,0.254131157918125
Monocytes_PB190,0.180693504919293,0.4356472406526338,0.0,0.3836592544280732
B cells_PB191,0.3597403458328672,0.4413519904449611,0.0,0.19890766372217167
NK cells_PB192,0.3251117021288934,0.35925018618029103,0.08487453067767887,0.23076358101313665
NK cells_PB193,0.23349702243031986,0.3238773711021928,0.16472560453513937,0.277900001932348
NK cells_PB194,0.2365907449416218,0.3686531157021361,0.08775521216249918,0.30700092719374295
Monocytes_PB195,0.23730228430639583,0.46424671094937736,0.0,0.29845100474422676
B cells_PB196,0.23763811358747552,0.3825052893334275,0.07604283258470312,0.3038137644943938
T cells_PB197,0.16154602757223696,0.4257190472640023,0.0,0.4127349251637608
B cells_PB198,0.49131103988636216,0.3160616648940422,0.02477954603932061,0.167847749180275
NK cells_PB199,0.21218176401001146,0.32546219789382563,0.21638557708547052,0.2459704610106924
NK cells_PB200,0.18563352285283521,0.37601531230726415,0.1471219613864456,0.2912292034534551
B cells_PB201,0.4076694822227373,0.3828997900190452,0.009047709226565155,0.20038301853165225
Monocytes_PB202,0.23485238245452678,0.3275451154304187,0.0,0.4376025021150545
NK cells_PB203,0.10608648677099776,0.4855610381468109,0.042168705091762654,0.3661837699904287
T cells_PB204,0.268404657619235,0.3663079547604839,0.0,0.3652873876202811
T cells_PB205,0.22598729675130555,0.4432102777597463,0.04047043752196106,0.29033198796698706
NK cells_PB206,0.18310325743266254,0.5066428093006499,0.0,0.31025393326668754
NK cells_PB207,0.23208017638865205,0.47052774204848147,0.0,0.2973920815628665
NK cells_PB208,0.20417391274010216,0.3405842944390054,0.14976020110277774,0.3054815917181148
T cells_PB209,0.17655775281569977,0.6084902633685608,0.0,0.21495198381573938
Monocytes_PB210,0.24100611898035063,0.3561825224195741,0.0,0.4028113586000753
B cells_PB211,0.38972484048591083,0.3801050479936006,0.04454980079164292,0.1856203107288456
B cells_PB212,0.4121497159184298,0.3824271947530381,0.048685579302646644,0.1567375100258854
B cells_PB213,0.48471361306935395,0.3878316580558677,0.010697521038259168,0.11675720783651909
T cells_PB214,0.1786216128994096,0.5459546959230651,0.003844965554662462,0.2715787256228629
T cells_PB215,0.19494585603407294,0.4089648775881263,0.0,0.3960892663778008
B cells_PB216,0.3381467401178176,0.482625819745476,0.0,0.1792274401367064
NK cells_PB217,0.14040777203650173,0.4355629724903403,0.12324434515494043,0.3007849103182174
T cells_PB218,0.186985448577165,0.42290170577295233,0.0,0.3901128456498826
T cells_PB219,0.24341905090639163,0.5371259541161292,0.0,0.21945499497747917
NK cells_PB220,0.10690955862273435,0.3263416977629043,0.2869712114069916,0.27977753220736973
Monocytes_PB221,0.18851030214075876,0.5989243535062936,0.0,0.21256534435294772
NK cells_PB222,0.2828814944072308,0.3828109175488946,0.013830569149261115,0.32047701889461344
T cells_PB223,0.20147236074498062,0.5665461071511324,0.0,0.23198153210388692
B cells_PB224,0.2952834356024589,0.4408599825824869,0.04467258349410972,0.2191839983209445
B cells_PB225,0.2632038380716813,0.4878780178934,0.0,0.24891814403491866
NK cells_PB226,0.161634632909746,0.45826950478458056,0.12000050207574968,0.2600953602299239
T cells_PB227,0.14102760723127816,0.32072372332102933,0.02572359338376498,0.5125250760639275
NK cells_PB228,0.19151362129500962,0.4360240451557613,0.07243501327058861,0.30002732027864043
NK cells_PB229,0.2932394961585254,0.3390779175848403,0.07914507986000806,0.2885375063966262
T cells_PB230,0.20575672065855574,0.4905881774118446,0.0,0.30365510192959966
T cells_PB231,0.1789497292274468,0.3611370952504495,0.011478983402078997,0.4484341921200246
B cells_PB232,0.34328022580456796,0.4428061039085987,0.0,0.2139136702868334
Monocytes_PB233,0.19990335118071417,0.5348572516203339,0.0,0.26523939719895206
NK cells_PB234,0.07264666553395097,0.4146620554078738,0.2759280765011823,0.23676320255699293
NK cells_PB235,0.22598964708410896,0.48827814485997795,0.0,0.28573220805591315
Monocytes_PB236,0.2957146989406626,0.6008545445277471,0.0,0.10343075653159028
Monocytes_PB237,0.2649728736476522,0.44307473882130055,0.0,0.2919523875310473
B cells_PB238,0.20163730487621664,0.5116013512375084,0.004963941280872656,0.28179740260540237
T cells_PB239,0.2461118400326959,0.4599076750061882,0.0,0.29398048496111595
T cells_PB240,0.2537234539123654,0.5998404651509971,0.0,0.1464360809366375
NK cells_PB241,0.19372350899033847,0.3422642690162348,0.17358547291635093,0.29042674907707566
T cells_PB242,0.30758184882254846,0.3352875018672735,0.0,0.357130649310178
T cells_PB243,0.1960222452208056,0.3444378741580947,0.0,0.4595398806210997
Monocytes_PB244,0.18458037106187378,0.5277337223003477,0.0,0.2876859066377785
NK cells_PB245,0.25307637382544246,0.4646955767113992,0.0,0.28222804946315827
B cells_PB246,0.44143647205362513,0.29917299068015274,0.042432966544851076,0.2169575707213711
NK cells_PB247,0.25242287393845025,0.42026498488486796,0.0,0.3273121411766818
NK cells_PB248,0.1804611442564025,0.30891337942146035,0.2711909466118912,0.2394345297102461
B cells_PB249,0.4948290072528237,0.30156983794383135,0.11573813200156627,0.08786302280177855
B cells_PB250,0.5117593931456909,0.3205274887379284,0.0,0.1677131181163808
