name,B cells,Monocytes,NK cells,T cells
T cells_PB1,0.024665311256333665,0.35444352746812324,0.06268252893479453,0.5582086323407486
B cells_PB2,0.8251649553053962,0.11163434586159211,0.0,0.06320069883301165
T cells_PB3,0.023553487469988706,0.22089818468757808,0.00841358831663228,0.7471347395258009
Monocytes_PB4,0.05664887001136435,0.6449686859730182,0.01332599045056212,0.2850564535650552
T cells_PB5,0.10931796083477127,0.33775061953479524,0.11592017128279267,0.43701124834764077
T cells_PB6,0.08446962046118454,0.3658642360814988,0.09988364338974913,0.4497825000675675
Monocytes_PB7,0.1550993548444416,0.2123446801959264,0.12764536143700303,0.5049106035226291
T cells_PB8,0.0,0.12250488946408232,0.05002721002815614,0.8274679005077615
Monocytes_PB9,0.09653166346037573,0.6205590897366745,0.0,0.2829092468029498
B cells_PB10,0.5904820358581289,0.20827400305139462,0.0,0.2012439610904765
NK cells_PB11,0.14054769378306278,0.38012696686321373,0.0,0.47932533935372346
NK cells_PB12,0.0,0.04975047237273467,0.8415122017728957,0.10873732585436967
NK cells_PB13,0.0,0.14472191225165956,0.6497799335068516,0.20549815424148887
Monocytes_PB14,0.1218476218021513,0.3669396603823328,0.05296101901693933,0.45825169879857647
NK cells_PB15,0.13375942376408043,0.3471789227086087,0.05568210693038726,0.4633795465969237
B cells_PB16,0.08080825594412044,0.32501258033688585,0.13104118924846422,0.46313797447052946
NK cells_PB17,0.07671397823453381,0.35560852759671496,0.10855021881038492,0.4591272753583662
Monocytes_PB18,0.028670736031172005,0.5900697107043306,0.0026666368982590518,0.3785929163662383
B cells_PB19,0.22779142124881344,0.3253259843786262,0.04119460708694442,0.40568798728561595
NK cells_PB20,0.08758323287733363,0.33846903731843003,0.13861698386719495,0.4353307459370413
B cells_PB21,0.3633605213130958,0.2576131927000437,0.051230681377196254,0.3277956046096642
T cells_PB22,0.09650889181688299,0.3682980526819626,0.0839274642217044,0.45126559127945004
T cells_PB23,0.14757566529838237,0.27230087816104454,0.0698963240262235,0.5102271325143496
Monocytes_PB24,0.017859215216785112,0.48870247812267736,0.04472078319814544,0.44871752346239213
T cells_PB25,0.11564072238094926,0.2807664072068521,0.031133961974200517,0.5724589084379982
T cells_PB26,0.0,0.20449968077216968,0.029676624326020744,0.7658236949018096
NK cells_PB27,0.08327321644796168,0.32125627940291807,0.08054478411955177,0.5149257200295684
Monocytes_PB28,0.039942269726678616,0.5865348232534324,0.016307329677052004,0.3572155773428369
Monocytes_PB29,0.03864329119855309,0.6223961612912593,0.0,0.33896054751018767
Monocytes_PB30,0.12742553577755664,0.20146989240756236,0.16611660487680402,0.5049879669380768
NK cells_PB31,0.0,0.2507697049885928,0.38616027798542135,0.3630700170259859
T cells_PB32,0.10087412894761151,0.4318130942929499,0.024158583637576215,0.4431541931218624
T cells_PB33,0.1090851100008541,0.43827984038232076,0.07426651663981818,0.37836853297700695
T cells_PB34,0.0,0.04992486575601892,0.1216521506964474,0.8284229835475336
T cells_PB35,0.0,0.10553349849001589,0.08304256991325266,0.8114239315967314
B cells_PB36,0.6367232580330612,0.1786136166417423,0.0001349457472535237,0.18452817957794276
NK cells_PB37,0.11825242754036477,0.280970903841366,0.14735961789846855,0.45341705071980065
Monocytes_PB38,0.11739023211312273,0.25960002623961365,0.1132936929909751,0.5097160486562886
B cells_PB39,0.5328899595972052,0.15741314911692944,0.05066039452067117,0.25903649676519425
B cells_PB40,0.21536860214321032,0.3315345574846788,0.07657619174530592,0.37652064862680495
NK cells_PB41,0.06543096056313441,0.3936611095132948,0.046908281459423724,0.49399964846414707
Monocytes_PB42,0.08440533534487847,0.5650279432716112,0.0,0.3505667213835103
NK cells_PB43,0.13063917841323558,0.4252160353338454,0.0,0.444144786252919
B cells_PB44,0.7312017974432053,0.11156656840477858,0.016324422361509317,0.14090721179050675
B cells_PB45,0.11792415983023985,0.3813741273127496,0.07047683180251697,0.4302248810544935
NK cells_PB46,0.024858969299540772,0.20587052460852537,0.4057285332028671,0.36354197288906676
T cells_PB47,0.07698244701484988,0.29925681986648645,0.06433983376033216,0.5594208993583315
Monocytes_PB48,0.028068162887913205,0.5968619324651808,0.008482533064434609,0.3665873715824714
B cells_PB49,0.33718900343565583,0.25224421374467443,0.08125837236064093,0.3293084104590288
B cells_PB50,0.02266009138634284,0.399703806337613,0.04028329733531134,0.5373528049407328
NK cells_PB51,0.0,0.053583117604998336,0.824626823035689,0.1217900593593125
T cells_PB52,0.009001337340110062,0.2493449053530469,0.006999472202431505,0.7346542851044116
B cells_PB53,0.796984560208564,0.09022987707217442,0.015922356907776502,0.096863205811485
T cells_PB54,0.0,0.1404747856871304,0.061123824400297865,0.7984013899125718
Monocytes_PB55,0.03758232051124537,0.6176556666934714,0.0,0.3447620127952833
NK cells_PB56,0.0,0.10108556375047513,0.734392624608016,0.16452181164150875
B cells_PB57,0.0,0.386461510363825,0.12541987206882274,0.48811861756735214
T cells_PB58,0.1180154594414528,0.3248173314263676,0.07742174147940892,0.4797454676527706
NK cells_PB59,0.13945606105916675,0.36080548553188246,0.008334048256557878,0.4914044051523928
B cells_PB60,0.13729787290907167,0.3719784898681221,0.09693771602443611,0.3937859211983701
B cells_PB61,0.19112487115528565,0.3304852037440971,0.059600362905987844,0.4187895621946293
NK cells_PB62,0.027036613806314343,0.4183812221337791,0.06905127919638195,0.48553088486352464
Monocytes_PB63,0.04708627391331533,0.7727541374153051,0.0,0.18015958867137968
T cells_PB64,0.029099359172780934,0.35890097820220856,0.06895686682694945,0.543042795798061
Monocytes_PB65,0.057871042570539155,0.42424486806637707,0.049319893506011,0.4685641958570728
B cells_PB66,0.3142144968188348,0.2478039495383519,0.04799039119486824,0.389991162447945
T cells_PB67,0.048193193338098586,0.4313133022994585,0.07180358809518508,0.44868991626725785
NK cells_PB68,0.0,0.11351676453444934,0.6245062111154545,0.26197702435009623
T cells_PB69,0.1425488421383674,0.35307448896509713,0.11941776866936357,0.38495890022717183
T cells_PB70,0.0,0.08257873679278732,0.06223867347030472,0.855182589736908
Monocytes_PB71,0.032691328805384876,0.7455379911883432,0.012189498711644443,0.20958118129462747
NK cells_PB72,0.0982068494396076,0.3295385554111351,0.0825145764003548,0.48974001874890255
T cells_PB73,0.09600837185917348,0.46212503545027994,0.09500178326436003,0.3468648094261865
Monocytes_PB74,0.016524281925327306,0.7645554916593175,0.0,0.2189202264153552
Monocytes_PB75,0.029069781928935993,0.7056795420837652,0.0,0.26525067598729873
NK cells_PB76,0.0,0.19320253339344837,0.47052667867811226,0.3362707879284393
T cells_PB77,0.00601232552153725,0.17451095099057964,0.03752057745715096,0.7819561460307322
NK cells_PB78,0.10229134068613872,0.43361576098952953,0.017465263216864403,0.44662763510746734
T cells_PB79,0.08169583496502945,0.2914185905194916,0.08518280383830694,0.541702770677172
T cells_PB80,0.08219544185647441,0.41177925422537953,0.09539717567374606,0.4106281282443999
B cells_PB81,0.720860386866336,0.14001403539257795,0.0,0.13912557774108603
B cells_PB82,0.47654268183455134,0.18053743950229464,0.047090015967329694,0.29582986269582423
B cells_PB83,0.13412539507797674,0.3592459772720712,0.019226426653540504,0.4874022009964117
B cells_PB84,0.0,0.42808711340472216,0.08309362704758833,0.48881925954768946
B cells_PB85,0.1464388780010079,0.3223075334498336,0.08120561908573644,0.4500479694634219
NK cells_PB86,0.030212464516300632,0.4046394681250268,0.10891075762323445,0.456237309735438
NK cells_PB87,0.003064868120013129,0.18503637785463128,0.47901523980721167,0.33288351421814383
Monocytes_PB88,0.03148069835127672,0.6618016056050128,0.004242210342500234,0.30247548570121047
Monocytes_PB89,0.039000711169234314,0.7882749822756475,0.0,0.1727243065551182
T cells_PB90,0.09736827490617773,0.28216736175580315,0.03467844656810166,0.5857859167699175
B cells_PB91,0.004704665510648371,0.41531950945475427,0.09473643132360167,0.48523939371099567
T cells_PB92,0.032589064450203736,0.225735530556888,0.0017389248240063482,0.7399364801689019
NK cells_PB93,0.0,0.19851336076022116,0.537780420229449,0.2637062190103298
B cells_PB94,0.3453347423670953,0.24243630058649934,0.04725703339610089,0.3649719236503044
Monocytes_PB95,0.015277779071662454,0.7322451184622747,0.009280467679095652,0.24319663478696724
NK cells_PB96,0.04265281784889279,0.29471787468924404,0.22903761733125813,0.43359169013060506
T cells_PB97,0.05545575935503829,0.2790402374109311,0.02686622583063409,0.6386377774033966
B cells_PB98,0.23993515948683117,0.28561017419260526,0.08024301710690329,0.3942116492136605
B cells_PB99,0.0,0.43325798123630593,0.11097492078765812,0.45576709797603593
B cells_PB100,0.0,0.4401922601370412,0.10773958166108415,0.4520681582018748
Monocytes_PB101,0.15726690593397044,0.18716619579194635,0.18046854894137465,0.47509834933270845
B cells_PB102,0.39031897424516904,0.2198664789486507,0.08079264170666688,0.30902190509951344
NK cells_PB103,0.031147962344778724,0.3584289845203935,0.1565577188025371,0.45386533433229065
NK cells_PB104,0.0,0.2749187233447488,0.27568719822729676,0.4493940784279543
Monocytes_PB105,0.06249226700337789,0.8084717759723076,0.0,0.12903595702431442
B cells_PB106,0.09647955048781362,0.383736872791514,0.029823401612413068,0.48996017510825923
NK cells_PB107,0.07226549375797525,0.3302093731046488,0.18626350296978897,0.411261630167587
Monocytes_PB108,0.010269025390216008,0.7307363635014188,0.0,0.2589946111083652
T cells_PB109,0.13471752356825595,0.3434229630769212,0.07993366230680653,0.4419258510480164
B cells_PB110,0.0,0.3770827365190942,0.1189609482670763,0.5039563152138294
NK cells_PB111,0.04396885869998901,0.38036181753240844,0.11308997201995953,0.462579351747643
NK cells_PB112,0.11590576066728545,0.4125193934769454,0.0445191669093898,0.42705567894637947
Monocytes_PB113,0.0247855397652825,0.8242432932810752,0.0,0.15097116695364243
B cells_PB114,0.6208157206361449,0.12009611010663411,0.03488976256529037,0.22419840669193064
T cells_PB115,0.0,0.26175864500892365,0.04739268960261009,0.6908486653884662
T cells_PB116,0.0,0.1463008386360162,0.051139688792350105,0.8025594725716337
NK cells_PB117,0.0,0.10959271880143526,0.5908778187706135,0.29952946242795114
T cells_PB118,0.09761845387115613,0.38575615456472506,0.04731872010991286,0.4693066714542059
T cells_PB119,0.0,0.11098379472916398,0.0696156802775809,0.8194005249932551
Monocytes_PB120,0.0033377675814536705,0.5864478578795727,0.030968748178679506,0.3792456263602943
NK cells_PB121,0.0,0.13764222467491968,0.6012163634327696,0.2611414118923106
Monocytes_PB122,0.0,0.8079708345093057,0.0,0.19202916549069413
T cells_PB123,0.05857835952478195,0.3731545124247494,0.03227239117850839,0.5359947368719602
Monocytes_PB124,0.10524821132246132,0.28205088431582337,0.10928557654179429,0.5034153278199212
NK cells_PB125,0.07450830053387163,0.3645149546857342,0.08568585802092504,0.47529088675946923
Monocytes_PB126,0.02299105893813737,0.5249364846968035,0.024519329007558304,0.4275531273575009
B cells_PB127,0.6618926222375419,0.15102617632135776,0.0,0.18708120144110038
NK cells_PB128,0.0,0.10892997624856712,0.6880193041952273,0.20305071955620563
T cells_PB129,0.10651962957590524,0.4056265909617337,0.1027037658103064,0.3851500136520547
NK cells_PB130,0.022021238060830388,0.29402507651573473,0.2633364818290076,0.4206172035944272
Monocytes_PB131,0.036419853659098333,0.4978097778961261,0.05996824535748601,0.4058021230872896
Monocytes_PB132,0.08235346755355032,0.37908692694374696,0.05057740904038998,0.4879821964623128
Monocytes_PB133,0.13497865640950638,0.2615794629929168,0.15103496204493658,0.45240691855264015
NK cells_PB134,0.11531514145659291,0.3200615456458644,0.16064511765884465,0.403978195238698
B cells_PB135,0.8317335397092562,0.08640781179486147,0.0,0.08185864849588223
T cells_PB136,0.07674505012231661,0.3388728633666188,0.07079516499026331,0.5135869215208012
T cells_PB137,0.07196922310567712,0.2548167776690318,0.04152983259049725,0.6316841666347938
B cells_PB138,0.508746857258712,0.20737169571639238,0.0,0.2838814470248956
T cells_PB139,0.05315367329964992,0.31088726660106225,0.11204317927336505,0.5239158808259229
NK cells_PB140,0.0,0.05286085195026498,0.8145640966180627,0.13257505143167223
NK cells_PB141,0.0,0.06030925217361962,0.8070636061032861,0.1326271417230944
NK cells_PB142,0.038072466017517785,0.4085482815503078,0.06094811175829431,0.49243114067388005
T cells_PB143,0.08777748647364708,0.2297203429908343,0.10163609438247415,0.5808660761530444
NK cells_PB144,0.01565599318372731,0.4054584919910613,0.09826898375755644,0.48061653106765484
NK cells_PB145,0.02254183807596598,0.39015411724667415,0.11664684393564113,0.4706572007417188
NK cells_PB146,0.1143569132064525,0.4075645023179174,0.0,0.47807858447563006
B cells_PB147,0.4394512409214986,0.19209989080882509,0.013275019386129322,0.355173848883547
Monocytes_PB148,0.031046721378517342,0.581235160113711,0.0,0.3877181185077717
T cells_PB149,0.16158909615911332,0.3517939976481111,0.09565933508604599,0.3909575711067295
B cells_PB150,0.10935553772633787,0.38412593329529837,0.051401003121156634,0.4551175258572073
T cells_PB151,0.0,0.08792263678786581,0.07141691557796936,0.8406604476341647
T cells_PB152,0.09318093691256188,0.3307157715579435,0.09228703360903256,0.4838162579204622
Monocytes_PB153,0.13450958604212723,0.2939121397272901,0.1408685617866075,0.43070971244397527
NK cells_PB154,0.05264876832097687,0.27867737718436203,0.2716899475471492,0.39698390694751196
T cells_PB155,0.0,0.1269530469224905,0.03200967576343175,0.8410372773140778
B cells_PB156,0.10560935402003364,0.3559275429570428,0.055040285849719525,0.483422817173204
Monocytes_PB157,0.028954591673343303,0.6805879607136167,0.0016484242673948256,0.2888090233456452
NK cells_PB158,0.007795213160036524,0.11357175236405959,0.5712762067046006,0.30735682777130346
B cells_PB159,0.12911575980981152,0.30145266304163554,0.08599324061490503,0.483438336533648
T cells_PB160,0.022194578983657513,0.19765043062439352,0.04212331617066792,0.7380316742212811
T cells_PB161,0.09188870650147841,0.3487896827917217,0.014352258231944715,0.5449693524748552
T cells_PB162,0.05508639221617847,0.22221446358160435,0.0228542995258829,0.6998448446763342
NK cells_PB163,0.0,0.2659559001680484,0.3892460926498078,0.3447980071821437
B cells_PB164,0.3104534284333201,0.28728318318566454,0.05475347763187464,0.3475099107491407
NK cells_PB165,0.11875109074337457,0.43848325049477294,0.01691325657925451,0.42585240218259796
B cells_PB166,0.6512812768246711,0.11115900238521503,0.04347664437756974,0.19408307641254405
Monocytes_PB167,0.04748089447306966,0.43858501726341353,0.06913953158857572,0.444794556674941
Monocytes_PB168,0.13753034300940242,0.34930742252272684,0.08467341591013122,0.42848881855773957
NK cells_PB169,0.13093734362064785,0.39277769452287403,0.0,0.47628496185647806
NK cells_PB170,0.010616137675098806,0.26801581335588787,0.3804768623160419,0.3408911866529715
B cells_PB171,0.4856547933380843,0.2231558451868423,0.016956989606128212,0.27423237186894517
Monocytes_PB172,0.1698646228153019,0.14382507164554534,0.1740964302056933,0.5122138753334594
B cells_PB173,0.3269642865607201,0.27185497509645234,0.05332595061424385,0.3478547877285838
T cells_PB174,0.08880547935947479,0.35898732377693243,0.08860520169129575,0.46360199517229694
NK cells_PB175,0.017476598507574662,0.21344302900336798,0.38542575170741816,0.3836546207816393
NK cells_PB176,0.1092515671514119,0.3757625660167416,0.05036559809144866,0.4646202687403978
T cells_PB177,0.041448828940623184,0.23516310266371251,0.0006907791440954899,0.7226972892515687
NK cells_PB178,0.09603911902557694,0.2725092827606274,0.1885192821676274,0.4429323160461683
Monocytes_PB179,0.03628116239757248,0.8404805206189023,0.0,0.1232383169835252
Monocytes_PB180,0.14433205671545996,0.28916861164641583,0.09157680428748277,0.4749225273506415
Monocytes_PB181,0.04220065220474534,0.47317787790620836,0.052670180305413546,0.4319512895836329
T cells_PB182,0.1161030605924408,0.3894907299817973,0.090879600852434,0.40352660857332795
Monocytes_PB183,0.023110374005369434,0.814382108504273,0.0,0.1625075174903576
B cells_PB184,0.7136895637751864,0.11439613930820922,0.024998918215442315,0.14691537870116195
NK cells_PB185,0.025496503441564792,0.36950150825734035,0.12018296454414698,0.4848190237569481
NK cells_PB186,0.0017281868961154952,0.1875809200826046,0.46095057286549235,0.34974032015578754
T cells_PB187,0.011262029133229368,0.16055984962125971,0.056419347813921106,0.7717587734315898
NK cells_PB188,0.01877163588779234,0.26515977831807086,0.3307534503480929,0.3853151354460438
Monocytes_PB189,0.06956614630796132,0.5793539536683382,0.0,0.35107990002370054
T cells_PB190,0.09441150614961909,0.3367146039734809,0.09391585075064275,0.4749580391262572
T cells_PB191,0.11246473089930376,0.4380306599659249,0.08412630611008341,0.36537830302468793
NK cells_PB192,0.0,0.1040929276700173,0.6996596207297987,0.19624745160018395
T cells_PB193,0.0008700719107460572,0.1321202377734218,0.01646863622721509,0.8505410540886171
Monocytes_PB194,0.04494950401316786,0.6672533111786343,0.02889774030200998,0.25889944450618774
Monocytes_PB195,0.06799804991492261,0.45667570099698424,0.03777535131523648,0.43755089777285683
T cells_PB196,0.028054793214456232,0.3435903369135061,0.0870886143292905,0.5412662555427471
T cells_PB197,0.0,0.17106356428243888,0.10870438941147266,0.7202320463060884
T cells_PB198,0.0,0.1438233049968474,0.04334038887635155,0.812836306126801
Monocytes_PB199,0.029281959458435716,0.7940384314453361,0.0,0.1766796090962281
Monocytes_PB200,0.01810942279291849,0.7205700060886638,0.0,0.2613205711184178
T cells_PB201,0.09675233961047632,0.17847389699228075,0.04931328438827561,0.6754604790089673
NK cells_PB202,0.137599009471162,0.38463903005342165,0.0,0.47776196047541636
T cells_PB203,0.046935323622571405,0.39626448813478193,0.1024831349329755,0.45431705330967126
T cells_PB204,0.0,0.11241984181078733,0.05188479494238732,0.8356953632468254
NK cells_PB205,0.05509009731338651,0.20219446017787618,0.37230853863365715,0.3704069038750801
T cells_PB206,0.08827448782150304,0.41590875867564125,0.1261290280913809,0.3696877254114747
Monocytes_PB207,0.16701589746450146,0.2473997381989685,0.1099988545915247,0.47558550974500535
T cells_PB208,0.027575306174344272,0.21380709444158688,0.04955165417176631,0.7090659452123025
T cells_PB209,0.1498582372963825,0.4090440903041916,0.06843199468608994,0.3726656777133359
T cells_PB210,0.062387183846162424,0.4029082280079375,0.07509322772563531,0.4596113604202647
B cells_PB211,0.33191923010297175,0.2645385044454685,0.048771545342748454,0.35477072010881133
T cells_PB212,0.05851551057243107,0.21787000323349506,0.0,0.7236144861940739
B cells_PB213,0.5534627646330131,0.2282474933769181,0.007469311163470989,0.21082043082659768
T cells_PB214,0.06212572586478962,0.3343807998514534,0.10424730194619472,0.4992461723375622
B cells_PB215,0.5445637340780922,0.18362943362939352,0.0,0.27180683229251434
NK cells_PB216,0.09303092642017136,0.3852684433354569,0.057699117651364866,0.4640015125930069
Monocytes_PB217,0.06144015282249252,0.46339942362518804,0.05681196970457238,0.41834845384774694
NK cells_PB218,0.0,0.2234020812723292,0.5154029688251252,0.26119494990254566
B cells_PB219,0.42323800684441576,0.21902014534990863,0.07723727918608624,0.28050456861958933
Monocytes_PB220,0.02398837121373605,0.7803249942023862,0.0,0.1956866345838778
Monocytes_PB221,0.0,0.6623974821265771,0.020294444819308307,0.3173080730541145
T cells_PB222,0.06309202393543509,0.2671735341997275,0.031147131528068604,0.6385873103367689
T cells_PB223,0.11246965836916352,0.43303224676085905,0.060073528636190976,0.3944245662337865
Monocytes_PB224,0.04256765587214769,0.4855759445933874,0.03642008952703024,0.43543631000743466
B cells_PB225,0.11062712495708962,0.3709072054060366,0.08136566626407432,0.4371000033727994
B cells_PB226,0.10863606414500161,0.33003996947771386,0.09141335167506784,0.46991061470221657
NK cells_PB227,0.0,0.053408708424352296,0.8373464741837887,0.10924481739185896
T cells_PB228,0.036425006375529236,0.31359094720337416,0.033799615317149576,0.6161844311039469
T cells_PB229,0.0,0.14143677852560194,0.033648793572609643,0.8249144279017885
Monocytes_PB230,0.04500553772781921,0.6560625852677705,0.0,0.29893187700441015
B cells_PB231,0.655638686679295,0.1805929224268901,0.0006258607238363795,0.1631425301699784
B cells_PB232,0.28215671886942995,0.26955685772680094,0.07137117450450621,0.3769152488992629
B cells_PB233,0.3348723788200373,0.2620824430540501,0.0635720513602632,0.3394731267656495
B cells_PB234,0.30547218484561145,0.24671536213180711,0.03853815762803296,0.4092742953945485
T cells_PB235,0.07639799136770274,0.39078204434677155,0.0681814931812439,0.4646384711042818
NK cells_PB236,0.0,0.18608245389407277,0.5046956914243284,0.30922185468159874
T cells_PB237,0.04023511936315853,0.38744143679777343,0.06841878761551154,0.5039046562235564
T cells_PB238,0.090827393515719,0.44776807123626344,0.07926733689948247,0.3821371983485351
T cells_PB239,0.03598892606194017,0.2647099206983826,0.02368291947096775,0.6756182337687094
B cells_PB240,0.03419025340860969,0.4152434147339906,0.0983169809935021,0.4522493508638975
B cells_PB241,0.8065204501944109,0.07409573236162803,0.02109153497125424,0.09829228247270694
B cells_PB242,0.8238134946341253,0.08810854041234423,0.0,0.08807796495353047
NK cells_PB243,0.0,0.09340143134041258,0.7281365030712638,0.17846206558832348
NK cells_PB244,0.06405127039908919,0.3217596644439688,0.1852322303023534,0.42895683485458846
NK cells_PB245,0.09141385040209438,0.44472775932114395,0.0,0.46385839027676184
B cells_PB246,0.7240480424044192,0.08115852534590973,0.046312682653015025,0.1484807495966559
Monocytes_PB247,0.030068484151288193,0.5243205698651072,0.047195665488078895,0.39841528049552566
Monocytes_PB248,0.009135699266072475,0.8454539249377356,0.0,0.14541037579619193
B cells_PB249,0.7888475845343026,0.07525694532544301,0.04529247147714957,0.09060299866310478
T cells_PB250,0.013882822115601082,0.12440472102763594,0.05170643822466853,0.8100060186320943
NK cells_PB251,0.05999394937743752,0.32062694872445735,0.1539218389999861,0.4654572628981189
NK cells_PB252,0.03905962609390225,0.32178565771585077,0.1963071691071642,0.44284754708308277
T cells_PB253,0.01275157791270125,0.17475536242519119,0.028392532951407805,0.7841005267106996
T cells_PB254,0.09710447444803484,0.35883952129503555,0.06201560661693129,0.48204039763999823
NK cells_PB255,0.06509426606633369,0.40477569507744915,0.051924641855008426,0.4782053970012088
NK cells_PB256,0.041235628134314466,0.2504168190758929,0.3168870974193459,0.39146045537044655
T cells_PB257,0.0,0.1253778395823099,0.047252829104291356,0.8273693313133988
Monocytes_PB258,0.029310349583778105,0.6888910503103114,0.0,0.28179860010591057
B cells_PB259,0.3389090268831415,0.21730008282643032,0.06166175895172927,0.38212913133869897
Monocytes_PB260,0.14880837477076572,0.2500971644609148,0.11617909913863411,0.48491536162968546
T cells_PB261,0.03487348058335541,0.23289798762111444,0.017142648937641437,0.7150858828578887
T cells_PB262,0.0,0.13805011873624481,0.02496441242272121,0.836985468841034
B cells_PB263,0.03173449756871853,0.3820559334217563,0.0808365754466298,0.5053729935628952
NK cells_PB264,0.08331579629357808,0.2866909859442602,0.29399572527838486,0.33599749248377675
Monocytes_PB265,0.032340561243718896,0.8146001002954174,0.0,0.15305933846086373
T cells_PB266,0.0,0.2216062139447685,0.012057458289413972,0.7663363277658175
NK cells_PB267,0.006277627108693477,0.18292146281420313,0.48330658620154004,0.3274943238755633
B cells_PB268,0.5010126093376188,0.18455202015510605,0.0204337581772999,0.2940016123299752
B cells_PB269,0.19229986286345974,0.3566029930158974,0.024757295705336416,0.4263398484153065
B cells_PB270,0.17995220779685106,0.29981274857771706,0.07546177619047166,0.4447732674349601
NK cells_PB271,0.0,0.15945516366873827,0.5812955541513238,0.25924928217993787
Monocytes_PB272,0.025454241394268502,0.7754676604141743,0.0,0.19907809819155722
NK cells_PB273,0.0,0.09977401154990544,0.7134673500069058,0.18675863844318868
T cells_PB274,0.0,0.10046893292679691,0.07341601837648017,0.826115048696723
T cells_PB275,0.07210466851746809,0.2997135567643747,0.0,0.6281817747181571
T cells_PB276,0.08393498095111654,0.24909853010657154,0.04314904657498022,0.6238174423673318
Monocytes_PB277,0.03855692429975373,0.7675969433974174,0.0,0.19384613230282896
B cells_PB278,0.43346560334957185,0.26371993456881504,0.035596395159909366,0.26721806692170375
B cells_PB279,0.5283897609263235,0.16021418728105596,0.04583698249812209,0.2655590692944984
B cells_PB280,0.63095145776106,0.1708503916678952,0.0074289043383183,0.19076924623272654
NK cells_PB281,0.0,0.07479904171776525,0.746149608675074,0.17905134960716074
NK cells_PB282,0.026423257643447946,0.353261606968454,0.1765629355835439,0.44375219980455405
T cells_PB283,0.11699161992352726,0.2776084890064222,0.06293657317263963,0.5424633178974108
B cells_PB284,0.014681599579216381,0.399032064565156,0.0708318171590245,0.5154545186966031
B cells_PB285,0.3764529227204404,0.23123339845450633,0.04983892477798334,0.3424747540470699
B cells_PB286,0.0,0.3985816654865086,0.09707737554008995,0.5043409589734016
B cells_PB287,0.2835727770462827,0.24374650403617198,0.08835064352620697,0.3843300753913384
NK cells_PB288,0.03739472840671309,0.27348123723386747,0.31492919570724104,0.3741948386521784
NK cells_PB289,0.011168788214061509,0.3776285693279825,0.1015048790588584,0.5096977633990977
T cells_PB290,0.07808460291009388,0.22161431551122415,0.047021996033781883,0.6532790855449001
NK cells_PB291,0.12956161756123546,0.4262870101625323,0.0,0.44415137227623214
T cells_PB292,0.10643333172921181,0.4335576228166922,0.09663109007580815,0.3633779553782878
T cells_PB293,0.01680623106067972,0.12994863473914048,0.09307227626036728,0.7601728579398125
T cells_PB294,0.06331763250964378,0.3048891094747961,0.0890705281706398,0.5427227298449203
Monocytes_PB295,0.1619383313554096,0.29066193510957605,0.11509649008509504,0.4323032434499192
NK cells_PB296,0.03390845224811417,0.22480326446197105,0.30626454075885035,0.43502374253106435
Monocytes_PB297,0.02889974623912639,0.7642604838817944,0.0,0.2068397698790792
Monocytes_PB298,0.0651226983781614,0.36970028218703493,0.07135539408491931,0.49382162534988444
NK cells_PB299,0.014833793914463465,0.21235444372883414,0.410593886525424,0.3622178758312783
NK cells_PB300,0.11750020185836163,0.34529055455573465,0.0031577640525229963,0.5340514795333807
NK cells_PB301,0.17391625597334454,0.3743899339411052,0.007114246875732278,0.44457956320981806
T cells_PB302,0.03706474475075611,0.3154504025937957,0.016123158971351227,0.6313616936840969
NK cells_PB303,0.036679456389414535,0.2639447016294986,0.3052448936170883,0.39413094836399853
B cells_PB304,0.3989980284897108,0.18848020891113193,0.09799516219484675,0.31452660040431046
Monocytes_PB305,0.017950677129889323,0.7106648421993437,0.0033822682280211223,0.26800221244274597
B cells_PB306,0.8367805886002938,0.06112687063903074,0.01570801596517635,0.08638452479549902
NK cells_PB307,0.018014578167004337,0.29597283123106777,0.27002835711166634,0.4159842334902616
Monocytes_PB308,0.06883605215167442,0.4444063298275396,0.04658064597489871,0.4401769720458872
NK cells_PB309,0.0,0.14685967120568788,0.6584635008195275,0.19467682797478464
Monocytes_PB310,0.057867163889614624,0.416376113625376,0.06175369317216209,0.4640030293128473
B cells_PB311,0.2553316161925607,0.27304515102222454,0.03322521252671066,0.4383980202585042
B cells_PB312,0.0,0.41929547972846726,0.1060867273229609,0.4746177929485718
NK cells_PB313,0.10691296143474967,0.42101202609158717,0.0,0.47207501247366324
B cells_PB314,0.7894217430929413,0.059512019796752656,0.061918798907360934,0.08914743820294498
Monocytes_PB315,0.006492040393905625,0.7769245942386954,0.0,0.21658336536739892
T cells_PB316,0.046358363670963416,0.23023858455778962,0.015519581337567123,0.7078834704336798
NK cells_PB317,0.0195619461899208,0.297977355233918,0.20039723710089183,0.48206346147526924
NK cells_PB318,0.06401269514617099,0.3811988162158011,0.05569256624644992,0.4990959223915781
B cells_PB319,0.055545611705072793,0.40415140490836904,0.08739906835335273,0.45290391503320543
NK cells_PB320,0.08877898320671271,0.30906292633325827,0.1260279091903816,0.47613018126964746
NK cells_PB321,0.0745851984226482,0.27493242625928943,0.30129117467927885,0.3491912006387834
Monocytes_PB322,0.013919706038754089,0.709183087963001,5.2953682350422557e-05,0.2768442523158945
B cells_PB323,0.41922566344740003,0.15290307379143075,0.08008010399458955,0.3477911587665795
B cells_PB324,0.12382658389743743,0.366368866945309,0.06007424825024491,0.4497303009070087
NK cells_PB325,0.0,0.06655285342995051,0.8036525743479915,0.1297945722220579
Monocytes_PB326,0.0258265527508941,0.7204802516619322,0.0,0.25369319558717374
B cells_PB327,0.32564926003683753,0.20006200890471298,0.09899900210586436,0.375289728952585
Monocytes_PB328,0.0,0.6264514987863548,0.0,0.37354850121364525
B cells_PB329,0.22546251550461868,0.3348949038345106,0.05942106608317866,0.38022151457769227
NK cells_PB330,0.04740072614537199,0.3894556853870457,0.09324981478411118,0.469893773683471
T cells_PB331,0.11981472948597151,0.28545295141009364,0.06869745710770364,0.5260348619962312
T cells_PB332,0.039940711349824624,0.17935938439867047,0.018644043159843887,0.762055861091661
NK cells_PB333,0.1256055018231399,0.3810346296875624,0.0,0.4933598684892977
B cells_PB334,0.02630742447309075,0.3957121361769295,0.08544487577209493,0.4925355635778847
NK cells_PB335,0.19782194041167295,0.3682119427506057,0.0,0.43396611683772135
T cells_PB336,0.12638837240501954,0.3941448617987826,0.119651054173207,0.35981571162299075
Monocytes_PB337,0.03064479397060594,0.7815740607071544,0.0,0.1877811453222397
NK cells_PB338,0.01338858951770354,0.2292036884894512,0.42459549516967643,0.33281222682316886
B cells_PB339,0.29597818056463265,0.2544913503251529,0.06381693305328319,0.3857135360569312
NK cells_PB340,0.06866505248524538,0.4453167932397105,0.0,0.48601815427504413
T cells_PB341,0.09012160553050666,0.24187816740787582,0.035539430607437326,0.6324607964541801
Monocytes_PB342,0.07814094756254361,0.5503217156171349,0.0,0.37153733682032136
NK cells_PB343,0.17507931421491316,0.3291269488904485,0.05523048139423637,0.44056325550040204
T cells_PB344,0.05508793427325558,0.3214889753625419,0.021601530733706988,0.6018215596304954
B cells_PB345,0.23343709528883338,0.26332892876102465,0.05111014311687323,0.4521238328332688
T cells_PB346,0.07707416508360637,0.2523372755971969,0.0,0.6705885593191968
NK cells_PB347,0.05098359915630825,0.21479691125776923,0.4396861871460875,0.294533302439835
NK cells_PB348,0.10306864629817157,0.3986336071831378,0.0,0.49829774651869063
T cells_PB349,0.06206071719976068,0.32372396968564543,0.06646884199116436,0.5477464711234296
NK cells_PB350,0.026847131507097707,0.2559654525947125,0.3873159206047001,0.3298714952934898
Monocytes_PB351,0.017512387855482925,0.5764203287296515,0.036969874925972625,0.3690974084888931
T cells_PB352,0.014799046480971044,0.11628225556593032,0.06864403314367568,0.800274664809423
Monocytes_PB353,0.051819265625119355,0.6733096809195983,0.0,0.2748710534552823
Monocytes_PB354,0.15150433655174492,0.3083720276659507,0.06891769899357572,0.4712059367887286
Monocytes_PB355,0.15463862087669747,0.2286624856277616,0.09679223144952218,0.5199066620460189
NK cells_PB356,0.0200295732604089,0.20125859821112405,0.4142264540717246,0.3644853744567424
Monocytes_PB357,0.16039672470453947,0.15995917842759708,0.2166661224912994,0.46297797437656407
Monocytes_PB358,0.041653057936386385,0.6311658470106647,0.0,0.3271810950529489
T cells_PB359,0.0,0.12342829695356593,0.053582686177720884,0.8229890168687132
T cells_PB360,0.04288539270789124,0.2611021229080249,0.005943675582791025,0.6900688088012927
NK cells_PB361,0.03714796767635109,0.341621032927675,0.188916019066693,0.432314980329281
B cells_PB362,0.3997671869238167,0.20185240200391058,0.05398709643948617,0.34439331463278644
Monocytes_PB363,0.020452797287014286,0.5417353211565205,0.026456266646732444,0.4113556149097328
NK cells_PB364,0.052444746976560874,0.27283534642821206,0.3126975883486953,0.3620223182465318
Monocytes_PB365,0.023279974345880562,0.8215336237889658,0.0,0.15518640186515356
T cells_PB366,0.097907909608502,0.27010089145698657,0.07399669681339419,0.5579945021211171
T cells_PB367,0.0,0.06060902408805862,0.08691779997601767,0.8524731759359238
T cells_PB368,0.0,0.14104981869955371,0.04703263622874656,0.8119175450716998
B cells_PB369,0.0508232678486355,0.3560808159824108,0.08273732991175421,0.5103585862571997
T cells_PB370,0.09492046352338197,0.37817873993204393,0.13603942132675675,0.3908613752178173
Monocytes_PB371,0.11577175907283178,0.28632822866963,0.11702757830041624,0.480872433957122
NK cells_PB372,0.1316777919068687,0.40542347194662925,0.0,0.4628987361465021
T cells_PB373,0.10580769318936234,0.38933138820853264,0.10145136295591452,0.4034095556461905
Monocytes_PB374,0.0354210876607854,0.6787330627470667,0.0,0.28584584959214787
Monocytes_PB375,0.1922360430394263,0.21950842253404448,0.16152046640790418,0.42673506801862515
B cells_PB376,0.16482173895829816,0.3142390709408432,0.10151707549264107,0.41942211460821754
NK cells_PB377,0.0030180428310854135,0.1090565527786413,0.6893592597129858,0.19856614467728742
Monocytes_PB378,0.23580145133945843,0.1446687638173219,0.18686534311385417,0.4326644417293656
T cells_PB379,0.04932313014328228,0.1601069681230357,0.03827499141302636,0.7522949103206558
B cells_PB380,0.13775630795012941,0.37687294773914776,0.09394424464089579,0.39142649966982707
B cells_PB381,0.0,0.4604056455914898,0.057702162573104995,0.48189219183540527
T cells_PB382,0.0,0.237935968388442,0.044566183546670385,0.7174978480648877
T cells_PB383,0.020166814435753324,0.2523506828136896,0.024954500912846983,0.7025280018377101
Monocytes_PB384,0.010079954718004458,0.799631036202697,0.0,0.19028900907929844
T cells_PB385,0.06874290620810027,0.18183342614367184,0.0,0.749423667648228
T cells_PB386,0.036397040870866385,0.17844252823901244,0.03189678240619487,0.7532636484839264
B cells_PB387,0.1551546973074179,0.29332958590844177,0.09687998484790894,0.4546357319362313
Monocytes_PB388,0.06795001686706606,0.3436035921640208,0.06844662183000778,0.5199997691389053
NK cells_PB389,0.0,0.12604064042226706,0.5837797232382382,0.29017963633949473
B cells_PB390,0.6506026357194502,0.09387390799956623,0.07367976982329504,0.18184368645768845
NK cells_PB391,0.0,0.044663748583708106,0.8391047468383455,0.11623150457794654
NK cells_PB392,0.0002596188322683249,0.33313001337404613,0.22469317315878964,0.4419171946348959
NK cells_PB393,0.08749734744143085,0.33794207203734816,0.16598015790845105,0.4085804226127699
Monocytes_PB394,0.009422178168744723,0.7421678755973986,0.0,0.2484099462338567
NK cells_PB395,0.046661167181821575,0.3648766484525034,0.17402587434018504,0.41443631002549003
B cells_PB396,0.7734781664239567,0.08079276265316425,0.07611188827814312,0.06961718264473585
NK cells_PB397,0.0,0.12276609688789414,0.6681344877235611,0.20909941538854487
T cells_PB398,0.034622142616342014,0.31691925223071343,0.03237768317035404,0.6160809219825905
NK cells_PB399,0.00024695276533395256,0.10494202873185605,0.5734623891785248,0.3213486293242852
Monocytes_PB400,0.0,0.7131265996548084,0.0,0.2868734003451915
B cells_PB401,0.004304415156093621,0.4100711447605856,0.0697225403553197,0.515901899728001
NK cells_PB402,0.0,0.09097700920779159,0.7181215994045341,0.19090139138767429
T cells_PB403,0.03741288998066128,0.3310601220781443,0.0,0.6315269879411944
Monocytes_PB404,0.04125250657631378,0.7767712082487309,0.0,0.18197628517495532
NK cells_PB405,0.0831469530490654,0.33570499553455796,0.15608771000990804,0.42506034140646876
Monocytes_PB406,0.02281553331489716,0.8092144649620798,0.0,0.16797000172302318
Monocytes_PB407,0.0392232374683385,0.4908313804893581,0.03753572790476128,0.4324096541375421
T cells_PB408,0.08723210010077748,0.4393146375271035,0.11516963944209493,0.35828362293002414
B cells_PB409,0.76666141325351,0.12688348136641775,0.0,0.1064551053800723
Monocytes_PB410,0.11443690255783394,0.23740193012261765,0.14614839195762647,0.5020127753619221
B cells_PB411,0.15281107609355413,0.3351549935361981,0.03644282378912049,0.47559110658112724
Monocytes_PB412,0.0118708473185477,0.8518159502116537,0.0,0.1363132024697986
Monocytes_PB413,0.0,0.8611782959763573,0.0,0.13882170402364274
Monocytes_PB414,0.040836022811441844,0.5968038749245091,0.027541230855771225,0.3348188714082778
B cells_PB415,0.49293707355328964,0.18799874173070527,0.04220086254815223,0.276863322167853
T cells_PB416,0.10110645736802114,0.3179742440219772,0.0,0.5809192986100017
NK cells_PB417,0.038069218178970986,0.37985606036713426,0.1279572681416168,0.4541174533122781
Monocytes_PB418,0.02854991990375423,0.46475787604339475,0.0854092643933795,0.4212829396594715
NK cells_PB419,0.011378863356192072,0.17850735234445167,0.45851877182822803,0.3515950124711283
Monocytes_PB420,0.02996317571445348,0.7175017948308654,0.0,0.25253502945468126
T cells_PB421,0.0024871174648959287,0.17434883295171869,0.03880262009914609,0.7843614294842393
T cells_PB422,0.004635829304441701,0.17918906993560013,0.02233729911543808,0.79383780164452
B cells_PB423,0.011211732799070577,0.46077178706287747,0.05548471118177985,0.4725317689562721
NK cells_PB424,0.045382659022059554,0.29285401381039283,0.2935453792925192,0.3682179478750285
T cells_PB425,0.11501265866847417,0.40133616850078746,0.1084587461023113,0.3751924267284273
T cells_PB426,0.0,0.2697701966023403,0.08177636808809069,0.648453435309569
Monocytes_PB427,0.02520586636780369,0.5328035947736331,0.04347675219421022,0.39851378666435283
B cells_PB428,0.7355215848930616,0.08708268859083264,0.016932025064702143,0.16046370145140357
B cells_PB429,0.17501021709224948,0.307220666702662,0.10523382353166919,0.4125352926734193
T cells_PB430,0.11920450278538493,0.39323078316012106,0.07990259826403283,0.4076621157904611
Monocytes_PB431,0.15360368052696008,0.29006538192670434,0.08616703581854626,0.47016390172778944
T cells_PB432,0.014404919081956551,0.1887408192313613,0.03996771762968854,0.7568865440569936
NK cells_PB433,0.057585146461443526,0.193493430769708,0.41301577701557896,0.33590564575326953
T cells_PB434,0.06326209591681896,0.45862063125276126,0.06889298184070188,0.40922429098971785
B cells_PB435,0.01046297708797646,0.3631972961975378,0.11088656402075991,0.5154531626937258
Monocytes_PB436,0.0,0.7063172251707805,0.014197617346456599,0.27948515748276287
Monocytes_PB437,0.16342678832479351,0.24099390904430987,0.1570010933943914,0.43857820923650526
NK cells_PB438,0.0,0.12454850265725782,0.646765539226268,0.2286859581164741
Monocytes_PB439,0.03170197572246548,0.6754633753702813,0.0,0.2928346489072531
NK cells_PB440,0.13083927009746435,0.41909893901035855,0.0,0.45006179089217696
NK cells_PB441,0.11350835730021397,0.3716458450441334,0.01787229991715999,0.4969734977384927
T cells_PB442,0.0,0.038961831005166966,0.09471331005183518,0.8663248589429978
Monocytes_PB443,0.05663235412125642,0.48601059631898386,0.0634358375672839,0.39392121199247576
B cells_PB444,0.2515721279786276,0.27522208663513414,0.08328731685450644,0.3899184685317318
NK cells_PB445,0.0,0.1879224412343637,0.5778693517721611,0.23420820699347533
B cells_PB446,0.7826813355089977,0.09845553975921079,0.003951494475083105,0.11491163025670843
Monocytes_PB447,0.02272210171762759,0.8601872278336656,0.0,0.1170906704487067
B cells_PB448,0.6145228854838155,0.18034878474850852,0.0,0.20512832976767598
T cells_PB449,0.061821410432018324,0.3199650732305157,0.05669670091126659,0.5615168154261995
T cells_PB450,0.13665003640934661,0.3826852137305421,0.08940467707430631,0.39126007278580494
B cells_PB451,0.6034911938881373,0.1455348039297333,0.021904290834246196,0.22906971134788323
NK cells_PB452,0.08024901782354965,0.22918222183232545,0.33682086755459956,0.35374789278952534
Monocytes_PB453,0.038287750924917166,0.5220205327057397,0.055283822698504785,0.3844078936708384
