,B cells,Monocytes,NK cells,T cells
T cells_PB1,0.1219615117961528,0.42151355402317964,0.4565249341806676,0.0
B cells_PB2,0.6731941900818625,0.167036362128717,0.1597694477894204,0.0
T cells_PB3,0.08834873107042228,0.2645081564461832,0.440374542982763,0.20676856950063155
Monocytes_PB4,0.0,0.6564850668955455,0.3167563683146788,0.02675856478977569
T cells_PB5,0.16725655402116815,0.4416256389555082,0.33876023506257047,0.05235757196075325
T cells_PB6,0.16721531591770544,0.38026660263946577,0.45251808144282896,0.0
Monocytes_PB7,0.23148086833218662,0.16378090434696702,0.3793086380072166,0.22542958931362975
T cells_PB8,0.0,0.1646804281481483,0.48664879310605086,0.3486707787458008
Monocytes_PB9,0.0,0.688145412584882,0.311854587415118,0.0
B cells_PB10,0.2030539770747268,0.5678780341294951,0.22906798879577817,0.0
NK cells_PB11,0.0,0.593395407026574,0.18137334003908456,0.2252312529343414
NK cells_PB12,0.10879021370387257,0.06475511839550337,0.5557338227996037,0.27072084510102046
NK cells_PB13,0.0,0.17224278080944605,0.7831929846690724,0.044564234521481706
Monocytes_PB14,0.15065027118023835,0.4359662246849631,0.4133835041347986,0.0
NK cells_PB15,0.12951871111652552,0.2982074980903305,0.572273790793144,0.0
B cells_PB16,0.15777862317688482,0.27917347588822783,0.3774136844265168,0.1856342165083706
NK cells_PB17,0.04929929769311485,0.4533547910482299,0.49734591125865524,0.0
Monocytes_PB18,0.022345351902229988,0.5834255361780927,0.2746479830355969,0.11958112888408044
B cells_PB19,0.28236154773390953,0.41806190412253297,0.16698994191936187,0.13258660622419557
NK cells_PB20,0.12488706373715411,0.3206532192595482,0.34221271226047884,0.21224700474281877
B cells_PB21,0.29039230654108916,0.37041733163925306,0.06406363314202561,0.27512672867763227
T cells_PB22,0.2512184486897852,0.41841900080631317,0.3303625505039016,0.0
T cells_PB23,0.19174662603530346,0.267191404887991,0.38007349720807543,0.16098847186863016
Monocytes_PB24,0.0,0.46775870331640945,0.40597261883272356,0.12626867785086698
T cells_PB25,0.0,0.2889027722679799,0.389900700692333,0.32119652703968715
T cells_PB26,0.018374346311014172,0.2093550990902833,0.7678579458382853,0.004412608760417179
NK cells_PB27,0.16725545038832682,0.3127215112123566,0.4622706095676268,0.05775242883168997
Monocytes_PB28,0.0,0.603267432833684,0.22439201042750534,0.17234055673881052
Monocytes_PB29,0.02580429168760318,0.6645831871159061,0.30068287072406163,0.008929650472428894
Monocytes_PB30,0.07365628038170771,0.24464457944623094,0.5415146552034107,0.14018448496865063
NK cells_PB31,0.0672318781010301,0.28769360938065786,0.5564339502376761,0.0886405622806361
T cells_PB32,0.0,0.4627644997491252,0.4773202779703263,0.05991522228054857
T cells_PB33,0.1465048173215581,0.3952918206697102,0.33474553826451486,0.1234578237442168
T cells_PB34,0.0075271160668835616,0.10492842699173627,0.3392910088648556,0.5482534480765244
T cells_PB35,0.028716793787117525,0.09124318199732018,0.37177096735043363,0.5082690568651287
B cells_PB36,0.37181697395336805,0.27929863838216157,0.25099777572947085,0.09788661193499947
NK cells_PB37,0.20983316189081516,0.2824683056385428,0.21917837724447525,0.2885201552261668
Monocytes_PB38,0.12608150770493745,0.32692280734476337,0.23835748480340935,0.3086382001468897
B cells_PB39,0.25284678202091193,0.18172656570441645,0.4503612665072824,0.1150653857673892
B cells_PB40,0.3740926738790343,0.2882932408205444,0.060976273073231634,0.27663781222718975
NK cells_PB41,0.0736448231076772,0.4119022172489261,0.24772437465128463,0.2667285849921121
Monocytes_PB42,0.07569794060522955,0.5435233581996013,0.3807787011951692,0.0
NK cells_PB43,0.16308401897056746,0.4193169507421278,0.41759903028730466,0.0
B cells_PB44,0.42263852409992503,0.26178788361742883,0.0,0.31557359228264625
B cells_PB45,0.11524471582967416,0.3745679002590985,0.4128242471435528,0.09736313676767455
NK cells_PB46,0.10900146194592265,0.21719142818606507,0.46409630315021866,0.20971080671779363
T cells_PB47,0.058412249429847345,0.4407852437704842,0.34372288447994237,0.15707962231972605
Monocytes_PB48,0.0,0.621650151550481,0.35415360468587836,0.02419624376364069
B cells_PB49,0.2448533072062757,0.3970368868946996,0.3558374063741231,0.0022723995249016387
B cells_PB50,0.1563231163930646,0.3376560824700061,0.3402252067304739,0.16579559440645536
NK cells_PB51,0.0,0.08090966411012904,0.919090335889871,0.0
T cells_PB52,0.005314818885647632,0.1847893387568494,0.24312029749362182,0.5667755448638812
B cells_PB53,0.43684576040125817,0.20207058990452886,0.038242869492478425,0.3228407802017346
T cells_PB54,0.0,0.12969375246402573,0.32678965209806565,0.5435165954379085
Monocytes_PB55,0.0329385403738119,0.6880006611258566,0.27906079850033155,0.0
NK cells_PB56,0.08400071599827189,0.17116792039397913,0.6603453143809274,0.08448604922682157
B cells_PB57,0.019335427895878346,0.4175550339139509,0.508868371741658,0.0542411664485128
T cells_PB58,0.13745021768759935,0.34266648989842363,0.519883292413977,0.0
NK cells_PB59,0.04704563564446537,0.3657933634183852,0.15289735645034475,0.4342636444868046
B cells_PB60,0.09238353149232066,0.49766031745998335,0.26040483104286766,0.14955132000482832
B cells_PB61,0.2849857676943601,0.3702650017876472,0.3447492305179926,0.0
NK cells_PB62,0.05449652213108052,0.3181425124447568,0.43983819062340296,0.18752277480075968
Monocytes_PB63,0.20735500368228577,0.6942258440505951,0.09841915226711907,0.0
T cells_PB64,0.07226529502505893,0.4187479687544817,0.24951813165020073,0.2594686045702586
Monocytes_PB65,0.1042073232879152,0.4671446273398628,0.428648049372222,0.0
B cells_PB66,0.39880608456406313,0.3787663789356075,0.18479298553440682,0.03763455096592253
T cells_PB67,0.0,0.32607747257114583,0.6739225274288542,0.0
NK cells_PB68,0.0,0.17939049883451902,0.34853604607627453,0.4720734550892065
T cells_PB69,0.061557233734559874,0.44122563407034415,0.42481205655645693,0.07240507563863895
T cells_PB70,0.0,0.18459169101644765,0.4490930832604196,0.3663152257231328
Monocytes_PB71,0.06801317935832074,0.8296420504551439,0.10234477018653529,0.0
NK cells_PB72,0.11766603395434891,0.3964215349546369,0.3175963351081285,0.16831609598288558
T cells_PB73,0.07501334291039419,0.49647445685673197,0.42851220023287373,0.0
Monocytes_PB74,0.0,0.7624342540732053,0.23756574592679475,0.0
Monocytes_PB75,0.0,0.8075418333357851,0.19245816666421486,0.0
NK cells_PB76,0.0,0.3055215439510398,0.6053892848527491,0.08908917119621108
T cells_PB77,0.06190409076616562,0.207550730315035,0.5479425846407602,0.18260259427803927
NK cells_PB78,0.11166438498510706,0.5126062575664181,0.2136679679845176,0.16206138946395732
T cells_PB79,0.0,0.3478795676899896,0.11947727181410199,0.5326431604959083
T cells_PB80,0.24624149107597293,0.3523332386190773,0.40142527030494984,0.0
B cells_PB81,0.685197571355794,0.0752280483129365,0.23957438033126954,0.0
B cells_PB82,0.32649226172359075,0.3063264625318868,0.1703596206247794,0.19682165511974306
B cells_PB83,0.10310415731540788,0.47567599246256387,0.3418490637683425,0.07937078645368581
B cells_PB84,0.9465467542451941,0.0,0.05345324575480595,0.0
B cells_PB85,0.1578265668212381,0.3445315437329507,0.458966376913236,0.038675512532575305
NK cells_PB86,0.0,0.3660812203814856,0.4974847006852811,0.1364340789332333
NK cells_PB87,0.0,0.17075411490859857,0.6559481282561294,0.17329775683527204
Monocytes_PB88,0.046979240243216654,0.6976682713007356,0.2553524884560477,0.0
Monocytes_PB89,0.0,0.9522488195798212,0.047751180420178806,0.0
T cells_PB90,0.0,0.42551991636164027,0.11582131083546322,0.45865877280289646
B cells_PB91,0.16078096329888247,0.26570286715836017,0.389614122404505,0.18390204713825237
T cells_PB92,0.0,0.30971465005193377,0.36329395397938363,0.3269913959686826
NK cells_PB93,0.0,0.20305828435525805,0.6900136865676557,0.1069280290770862
B cells_PB94,0.2104216425539017,0.41563351371095714,0.2311703099334567,0.14277453380168442
Monocytes_PB95,0.0,0.7606449857680174,0.23935501423198255,0.0
NK cells_PB96,0.21817117844060954,0.20489922217844822,0.2967673241870375,0.2801622751939048
T cells_PB97,0.003076821323928373,0.25293961208022525,0.7439835665958464,0.0
B cells_PB98,0.230761005906931,0.35067273960094725,0.3053084719170304,0.11325778257509134
B cells_PB99,0.0,0.31123315516929934,0.3972238668899195,0.2915429779407812
B cells_PB100,0.04298652332655845,0.3169206821729479,0.46446893812288065,0.17562385637761305
Monocytes_PB101,0.13567375664538833,0.2945059851131767,0.5234794253139504,0.04634083292748456
B cells_PB102,0.2724727359947616,0.26073831333994063,0.46678895066529796,0.0
NK cells_PB103,0.1308417981443784,0.2901995475698173,0.5186443017848708,0.06031435250093344
NK cells_PB104,0.0,0.33298004617051685,0.5448411716398924,0.1221787821895906
Monocytes_PB105,0.0,0.9100533385955504,0.08994666140444958,0.0
B cells_PB106,0.3821939570762731,0.31074805307075065,0.3070579898529762,0.0
NK cells_PB107,0.0,0.3475740846442052,0.47459916070805436,0.17782675464774042
Monocytes_PB108,0.0,0.83162483770102,0.16837516229897997,0.0
T cells_PB109,0.25773327997654,0.41814998661070385,0.27011741647895526,0.05399931693380102
B cells_PB110,0.14885095935907988,0.25357835013608315,0.18786787955929216,0.40970281094554495
NK cells_PB111,0.0,0.3839697291604595,0.6160302708395405,0.0
NK cells_PB112,0.16706206201104248,0.4717103887995701,0.3612275491893873,0.0
Monocytes_PB113,0.027472810449077758,0.8172533656470087,0.06602991100140801,0.08924391290250552
B cells_PB114,0.5828109766723655,0.2084019683074717,0.2087870550201628,0.0
T cells_PB115,0.07915350993957244,0.2312410715960379,0.3334480553306067,0.356157363133783
T cells_PB116,0.0461833928362065,0.12274336547820754,0.22526847545715237,0.6058047662284336
NK cells_PB117,0.2870171170727507,0.11627670831612433,0.4996743340534456,0.0970318405576794
T cells_PB118,0.0,0.5695766879740873,0.29516187048250714,0.13526144154340558
T cells_PB119,0.14869085455837652,0.17981867624680897,0.29281080031655204,0.3786796688782625
Monocytes_PB120,0.0,0.6116947235792255,0.3883052764207745,0.0
NK cells_PB121,0.09244712509842384,0.19239918539147327,0.5918350922965935,0.12331859721350934
Monocytes_PB122,0.0,0.914497132368901,0.0,0.08550286763109917
T cells_PB123,0.03973899226841014,0.35524229095374776,0.5176450525080085,0.08737366426983346
Monocytes_PB124,0.19191525080698912,0.26615694106421023,0.3927313639294685,0.14919644419933203
NK cells_PB125,0.0,0.3761758722790265,0.4258507223264097,0.19797340539456376
Monocytes_PB126,0.05184093849625008,0.4879615607136827,0.16476110224174462,0.29543639854832265
B cells_PB127,0.5946161494551473,0.15523380931998307,0.23054753457059884,0.01960250665427076
NK cells_PB128,0.0,0.21270366512220823,0.5383057765023058,0.2489905583754859
T cells_PB129,0.0,0.47872088777975136,0.5212791122202486,0.0
NK cells_PB130,0.07984547110977289,0.26628832588990536,0.4676846486940963,0.1861815543062255
Monocytes_PB131,0.014642366640725164,0.43038714911927145,0.5549704842400034,0.0
Monocytes_PB132,0.18111957678485932,0.36741673363306926,0.4514636895820714,0.0
Monocytes_PB133,0.08208587401357008,0.3081251102305906,0.6097890157558393,0.0
NK cells_PB134,0.20756583834754933,0.3095717341372167,0.34952495669627887,0.13333747081895517
B cells_PB135,0.5601240310162362,0.1949988130847098,0.0,0.24487715589905393
T cells_PB136,0.0,0.423933667829345,0.16589496266267553,0.4101713695079795
T cells_PB137,0.0053386306276899265,0.3060475559657779,0.25257308403382595,0.4360407293727061
B cells_PB138,0.29274290054613084,0.31948088503097855,0.2772796966725937,0.1104965177502969
T cells_PB139,0.4503153019225042,0.24453623519926426,0.30514846287823155,0.0
NK cells_PB140,0.0,0.16346035423470973,0.5002271678263579,0.3363124779389325
NK cells_PB141,0.0,0.3313901697538819,0.6686098302461181,0.0
NK cells_PB142,0.0,0.5151257599417799,0.48487424005822016,0.0
T cells_PB143,0.3302028196768175,0.17122027396453696,0.4985769063586455,0.0
NK cells_PB144,0.04942532476068923,0.38385288186036826,0.5667217933789425,0.0
NK cells_PB145,0.21442252039852006,0.37121650961199854,0.39428510385740884,0.02007586613207267
NK cells_PB146,0.1245557272946725,0.4281888079722606,0.41731098038583503,0.02994448434723193
B cells_PB147,0.26617784877644346,0.19927881740198397,0.5168520714760576,0.017691262345514998
Monocytes_PB148,0.021842106483375322,0.5725330573875123,0.3927247630178692,0.012900073111243155
T cells_PB149,0.28793979139044723,0.33678364568124397,0.24710623558226785,0.128170327346041
B cells_PB150,0.033889367233337186,0.5490768804368172,0.4170337523298455,0.0
T cells_PB151,0.0,0.15621519483400773,0.6530681302406545,0.19071667492533775
T cells_PB152,0.04820995215616903,0.43427900420553484,0.4796148766298742,0.037896167008421924
Monocytes_PB153,0.3580944236400333,0.23161852877846273,0.37939940425557106,0.030887643325932954
NK cells_PB154,0.07365239370289456,0.25831170433037404,0.6680359019667313,0.0
T cells_PB155,0.0033380725547574597,0.18262657107851296,0.46416983134838624,0.34986552501834334
B cells_PB156,0.14762729582633663,0.3286161360523516,0.31793947979028037,0.20581708833103132
Monocytes_PB157,0.006677120468910814,0.7326973357522727,0.1988142899401957,0.06181125383862097
NK cells_PB158,0.0013178296234534182,0.13150513162194602,0.8671770387546006,0.0
B cells_PB159,0.0,0.3321007430865107,0.6678992569134893,0.0
T cells_PB160,0.2088128731620041,0.1205073913228601,0.39142117212145133,0.2792585633936845
T cells_PB161,0.0,0.376520358168858,0.623479641831142,0.0
T cells_PB162,0.0,0.20137703410117694,0.7673850360196804,0.031237929879142562
NK cells_PB163,0.0,0.2336957100461221,0.5827493384546603,0.18355495149921777
B cells_PB164,0.31570032931001274,0.36130475063987333,0.2291092587496307,0.09388566130048337
NK cells_PB165,0.27812762571394567,0.39183161119664683,0.3300407630894074,0.0
B cells_PB166,0.39251894737267495,0.1629505092530281,0.19025006215170798,0.25428048122258884
Monocytes_PB167,0.0,0.49077176967286884,0.4888527836175543,0.02037544670957686
Monocytes_PB168,0.0,0.42641916084962417,0.4598166306844727,0.11376420846590311
NK cells_PB169,0.06940145685868705,0.5231879771646857,0.4074105659766272,0.0
NK cells_PB170,0.0,0.30196782763545493,0.6012319474530562,0.09680022491148878
B cells_PB171,0.4394518962441172,0.24630223027974685,0.3099459183254837,0.0042999551506521265
Monocytes_PB172,0.3613402436157797,0.0853110074527556,0.32626213856552394,0.22708661036594074
B cells_PB173,0.22850270619790689,0.6203769024774565,0.15112039132463667,0.0
T cells_PB174,0.015168497940431378,0.47762769556960016,0.5072038064899684,0.0
NK cells_PB175,0.17861305695732022,0.1803424781596717,0.6410444648830081,0.0
NK cells_PB176,0.27993896187556316,0.31568843810277325,0.4043726000216635,0.0
T cells_PB177,0.05969164145064371,0.2857054985513413,0.38349529062907434,0.2711075693689407
NK cells_PB178,0.0960013385904037,0.374498629723684,0.33058679957862475,0.1989132321072876
Monocytes_PB179,0.01090185393025205,0.9542998094697048,0.034798336600043084,0.0
Monocytes_PB180,0.21119026249831,0.2694992050084615,0.516724892762207,0.002585639731021459
Monocytes_PB181,0.17711433511362212,0.365835272608838,0.40281594819297706,0.05423444408456274
T cells_PB182,0.015396415205785994,0.5696678637333501,0.19268004989326523,0.22225567116759876
Monocytes_PB183,0.08989198319797521,0.7035917280429075,0.20651628875911723,0.0
B cells_PB184,0.4620561855593766,0.20121928286348276,0.23743090841774653,0.09929362315939409
NK cells_PB185,0.18862732215496272,0.31686599529819487,0.11927265082584969,0.3752340317209926
NK cells_PB186,0.16322717053652736,0.253143393459243,0.5744295339221339,0.009199902082095718
T cells_PB187,0.1393572629928234,0.17955014536096398,0.35208401205951423,0.3290085795866984
NK cells_PB188,0.05885232060881374,0.28110061681654136,0.6238677794423994,0.036179283132245624
Monocytes_PB189,0.16770216927025117,0.5654962054970416,0.21050780687796206,0.056293818354745125
T cells_PB190,0.05936958368956662,0.30074606023901834,0.4126181145776318,0.22726624149378316
T cells_PB191,0.23238400611856164,0.37498966350536594,0.3926263303760724,0.0
NK cells_PB192,0.21891093739558054,0.15475325897849107,0.39407015148325053,0.23226565214267794
T cells_PB193,0.0,0.31967844872388695,0.3959397544666665,0.28438179680944653
Monocytes_PB194,0.0,0.8924658104054047,0.10753418959459526,0.0
Monocytes_PB195,0.0,0.42546759633476944,0.5745324036652305,0.0
T cells_PB196,0.03164540633343634,0.33767839540127975,0.6227392938175169,0.007936904447766891
T cells_PB197,0.18804319886130033,0.15113128746615476,0.376048608789292,0.28477690488325286
T cells_PB198,0.03848256392290133,0.1676757087448569,0.2808771637293035,0.5129645636029382
Monocytes_PB199,0.0,0.9392728377460132,0.06072716225398671,0.0
Monocytes_PB200,0.041402130711311734,0.8356965206983035,0.03900623198217088,0.08389511660821396
T cells_PB201,0.18548514683500297,0.15261842662938588,0.4114881341186476,0.25040829241696355
NK cells_PB202,0.07788523382800967,0.4814741732900654,0.4382015227360747,0.0024390701458502292
T cells_PB203,0.04919680300523225,0.4385748517205636,0.5122283452742042,0.0
T cells_PB204,0.0,0.2375937514293226,0.5314928919801895,0.230913356590488
NK cells_PB205,0.1897560333571495,0.15617097308543038,0.5867819509359142,0.06729104262150594
T cells_PB206,0.09952077743974798,0.35605455563274874,0.41890868482836413,0.1255159820991391
Monocytes_PB207,0.12932978373994047,0.3718600187385025,0.330769926080703,0.16804027144085398
T cells_PB208,0.0,0.2157076154485121,0.30254255150289244,0.4817498330485955
T cells_PB209,0.20467914186991748,0.41216842881249444,0.2617097408908382,0.12144268842675002
T cells_PB210,0.18091359605843751,0.3274812381267727,0.2509089074742546,0.24069625834053512
B cells_PB211,0.2646421355074637,0.4014255472954526,0.28794234976998145,0.0459899674271024
T cells_PB212,0.12653786268471764,0.26192863287320495,0.6115335044420774,0.0
B cells_PB213,0.2175778832089509,0.36196606538233894,0.39843748749699387,0.022018563911716277
T cells_PB214,0.08826163003996501,0.36188508256664664,0.3587233274196536,0.19112995997373472
B cells_PB215,0.4775350579305707,0.2791369637966527,0.2433279782727764,0.0
NK cells_PB216,0.07561392208319916,0.39731198525906497,0.2017176877810462,0.32535640487668976
Monocytes_PB217,0.0,0.5743390542062227,0.42566094579377733,0.0
NK cells_PB218,0.04854915637048545,0.30478444415049694,0.3797633206164106,0.26690307886260706
B cells_PB219,0.29647350634244596,0.3411466122399883,0.13556309157189417,0.22681678984567155
Monocytes_PB220,0.0,1.0,0.0,0.0
Monocytes_PB221,0.0,0.6986216514824993,0.30137834851750056,0.0
T cells_PB222,0.0,0.39144001538149537,0.6085599846185046,0.0
T cells_PB223,0.16044279954783688,0.4194482556731353,0.3668412957132723,0.05326764906575555
Monocytes_PB224,0.0,0.3379786714468501,0.5229545507685192,0.1390667777846308
B cells_PB225,0.16828610907187438,0.36777866097207945,0.36902663870668106,0.09490859124936515
B cells_PB226,0.17483064300264123,0.3948969509518687,0.43027240604548994,0.0
NK cells_PB227,0.07088659011485739,0.11869584715977238,0.7392397786590601,0.07117778406631002
T cells_PB228,0.0,0.37440135055992857,0.27471015440741453,0.3508884950326568
T cells_PB229,0.0,0.18471213743857567,0.4693538944616438,0.3459339680997805
Monocytes_PB230,0.0,0.8479171797400558,0.15208282025994432,0.0
B cells_PB231,0.5991560272244818,0.2672054904809109,0.10614371307321667,0.02749476922139059
B cells_PB232,0.10963355037839617,0.3904562766240172,0.4100392368117117,0.08987093618587491
B cells_PB233,0.4300964635882443,0.3231887738486799,0.2467147625630758,0.0
B cells_PB234,0.27375423635970414,0.3502593535254151,0.37598641011488076,0.0
T cells_PB235,0.07171370298228517,0.4313872498432686,0.20860283655755762,0.2882962106168885
NK cells_PB236,0.0,0.30205202559133865,0.6979479744086613,0.0
T cells_PB237,0.09487242931602188,0.33932747887812936,0.3746774460258101,0.19112264578003868
T cells_PB238,0.18911573225051764,0.3513597900339597,0.45952447771552285,0.0
T cells_PB239,0.0,0.29405047342086016,0.3915404863756143,0.3144090402035257
B cells_PB240,0.0758634924021055,0.4661013982328153,0.23536381961135525,0.2226712897537239
B cells_PB241,0.5048525084689119,0.24510169074738156,0.2338543785670234,0.016191422216683203
B cells_PB242,0.5046902588408793,0.18993378034161684,0.11640131965222836,0.18897464116527565
NK cells_PB243,0.0,0.25724459950183853,0.7427554004981615,0.0
NK cells_PB244,0.27271273622572034,0.24329756158852403,0.290980139606174,0.19300956257958155
NK cells_PB245,0.11833358128062205,0.5496611843735645,0.2308410591315554,0.10116417521425798
B cells_PB246,0.45041622105365203,0.24118555940677502,0.308398219539573,0.0
Monocytes_PB247,0.23891745403114406,0.4782483418714164,0.18411546838690362,0.09871873571053595
Monocytes_PB248,0.0,0.9555706359533548,0.04442936404664528,0.0
B cells_PB249,0.49200563694584903,0.221989646970968,0.014160006141598083,0.27184470994158483
T cells_PB250,0.0,0.19901166733692982,0.3617992425174576,0.43918909014561264
NK cells_PB251,0.17417130730483163,0.2572993155392815,0.4888712079592539,0.07965816919663296
NK cells_PB252,0.27695014786510885,0.21263445508009776,0.22772246252505662,0.28269293452973676
T cells_PB253,0.009351217886116148,0.1394774105730172,0.35305832152596794,0.4981130500148987
T cells_PB254,0.06554556688153823,0.5165489297594803,0.40073503812392086,0.017170465235060724
NK cells_PB255,0.0,0.4227310148774047,0.5086449508305844,0.06862403429201092
NK cells_PB256,0.0,0.17009834599963444,0.26489745008513277,0.5650042039152329
T cells_PB257,0.0009170382645913449,0.15018902913399873,0.3972763410719542,0.4516175915294558
Monocytes_PB258,0.0,0.7964952098683243,0.20350479013167566,0.0
B cells_PB259,0.3625139329680226,0.2548861484210652,0.30918471775591183,0.0734152008550004
Monocytes_PB260,0.2047317348972213,0.2263744355129446,0.4744689641617078,0.09442486542812617
T cells_PB261,0.19409247134023858,0.2264324251634867,0.5748641922749221,0.004610911221352584
T cells_PB262,0.0,0.12014081631804638,0.18529497230158498,0.6945642113803686
B cells_PB263,0.033089946366293435,0.3232847418794802,0.5993590222188766,0.04426628953534976
NK cells_PB264,0.09076265764300512,0.3469583076413009,0.39245836261481104,0.16982067210088295
Monocytes_PB265,0.0,0.8399216884247578,0.16007831157524233,0.0
T cells_PB266,0.0,0.29505124940335153,0.42774794327855886,0.2772008073180896
NK cells_PB267,0.2494227708224541,0.10622466321115723,0.5244797093918316,0.1198728565745571
B cells_PB268,0.3927393659148688,0.2812671615838935,0.195212865456754,0.13078060704448374
B cells_PB269,0.2491289116025879,0.4486504472941013,0.3022206411033108,0.0
B cells_PB270,0.0,0.5461273649628936,0.4538726350371064,0.0
NK cells_PB271,0.0,0.2855741081867201,0.368586217534508,0.3458396742787721
Monocytes_PB272,0.0,0.7802244370676318,0.21977556293236827,0.0
NK cells_PB273,0.29398712002604116,0.11127997471876058,0.29010465382783307,0.30462825142736516
T cells_PB274,0.1525652294046159,0.04592242727891059,0.7012521661074664,0.10026017720900698
T cells_PB275,0.0698113041264275,0.3378074078731235,0.4047791929608561,0.18760209503959285
T cells_PB276,0.0,0.26876319828078815,0.29224727683518303,0.43898952488402876
Monocytes_PB277,0.0,0.8452332886627852,0.15476671133721484,0.0
B cells_PB278,0.3268995272472318,0.4911021951126269,0.18199827764014118,0.0
B cells_PB279,0.5545371359894122,0.06794837811645668,0.2648143274493608,0.11270015844477022
B cells_PB280,0.3736702675281131,0.22118878077533452,0.40514095169655234,0.0
NK cells_PB281,0.0,0.13112347003663272,0.577902960557134,0.29097356940623326
NK cells_PB282,0.013790856707724772,0.33039077911605197,0.6558183641762233,0.0
T cells_PB283,0.061415081579945956,0.2929883626052985,0.33077506566586906,0.31482149014888644
B cells_PB284,0.0,0.4743491528003341,0.43332828217500746,0.09232256502465856
B cells_PB285,0.4109059614682904,0.2559462129017995,0.33314782562991,0.0
B cells_PB286,0.0,0.39741206115259875,0.6025879388474012,0.0
B cells_PB287,0.07542575449218908,0.30186412880056807,0.2990537702500471,0.3236563464571957
NK cells_PB288,0.05640759683436782,0.20147842062733595,0.7421139825382963,0.0
NK cells_PB289,0.0,0.45125945347266877,0.3453489420595245,0.2033916044678068
T cells_PB290,0.2176277805708444,0.21847786446595746,0.5096575135087724,0.05423684145442566
NK cells_PB291,0.28854279213329215,0.4253083586785031,0.28614884918820477,0.0
T cells_PB292,0.1753265267798345,0.41725960043301147,0.27675931684679034,0.13065455594036365
T cells_PB293,0.22931719267113815,0.0710954836408975,0.35816782754675613,0.34141949614120815
T cells_PB294,0.0,0.34239349511606465,0.37355293072713625,0.28405357415679905
Monocytes_PB295,0.02657127140798531,0.29018673398366956,0.06265740159299721,0.6205845930153479
NK cells_PB296,0.08443201923477026,0.12614123800223093,0.5382842539542353,0.2511424888087635
Monocytes_PB297,0.0,0.9636821102515457,0.03631788974845429,0.0
Monocytes_PB298,0.21447474940971775,0.36037193576323456,0.42515331482704766,0.0
NK cells_PB299,0.19152367857115674,0.10907219058312542,0.4655151435899411,0.23388898725577673
NK cells_PB300,0.0824573924566179,0.4779009688870504,0.4396416386563316,0.0
NK cells_PB301,0.24077271262228567,0.26372759946918434,0.36081368520836327,0.13468600270016676
T cells_PB302,0.0,0.35685286384743453,0.5554426278124251,0.08770450834014046
NK cells_PB303,0.25023953181567327,0.1837363866834774,0.36246442195825623,0.20355965954259322
B cells_PB304,0.34277967735531495,0.3282173983442008,0.32900292430048433,0.0
Monocytes_PB305,0.0,0.9047990023648933,0.0848069775761942,0.010394020058912485
B cells_PB306,0.5310997830834914,0.19426701825187528,0.17977917207775737,0.09485402658687592
NK cells_PB307,0.2210909715111586,0.279249404431334,0.32539804746306955,0.17426157659443778
Monocytes_PB308,0.051342272903581364,0.34289323049642806,0.6057644965999905,0.0
NK cells_PB309,0.014606169865983632,0.16006796948544216,0.45185871307637815,0.37346714757219607
Monocytes_PB310,0.0,0.3889533087847881,0.22049779699283759,0.39054889422237427
B cells_PB311,0.2350097934999164,0.3522554561988555,0.4127347503012281,0.0
B cells_PB312,0.03235146761475444,0.3654302797817131,0.3239636551157187,0.2782545974878138
NK cells_PB313,0.1084855910345586,0.44856222361612696,0.18835673213425785,0.2545954532150565
B cells_PB314,0.5399432404135154,0.2456618044777445,0.2143949551087402,0.0
Monocytes_PB315,0.024637030156132944,0.8264025159733671,0.09286606635099756,0.05609438751950231
T cells_PB316,0.04983521414782875,0.2604249499346508,0.4553870560866134,0.23435277983090705
NK cells_PB317,0.2823827683859772,0.1736961578775225,0.3366020460403124,0.20731902769618787
NK cells_PB318,0.11344476733061347,0.41638820116776626,0.47016703150162026,0.0
B cells_PB319,0.22241565435604368,0.36308146253322066,0.4145028831107356,0.0
NK cells_PB320,0.09602129131793499,0.2677425445444927,0.2811904866347863,0.35504567750278604
NK cells_PB321,0.11707757376671904,0.3474435446381255,0.4021746253396892,0.13330425625546635
Monocytes_PB322,0.0038633614805067035,0.6817777634787587,0.2705935922719682,0.043765282768766324
B cells_PB323,0.36195042914987374,0.23064451643739847,0.4074050544127279,0.0
B cells_PB324,0.30109496765448446,0.339329974618233,0.35957505772728254,0.0
NK cells_PB325,0.0,0.2299962787196478,0.5021135305805039,0.26789019069984826
Monocytes_PB326,0.0,0.8009043096586355,0.19909569034136448,0.0
B cells_PB327,0.18308032647009545,0.29703780591195916,0.4854936003704512,0.03438826724749421
Monocytes_PB328,0.1535391743326225,0.6257983730206661,0.22066245264671153,0.0
B cells_PB329,0.16143707305689725,0.5018858865227064,0.3366770404203962,0.0
NK cells_PB330,0.0,0.4324093879264771,0.5675906120735229,0.0
T cells_PB331,0.1360678604447671,0.25117644352226354,0.4102005166869423,0.20255517934602701
T cells_PB332,0.09042043033176592,0.18022498633731393,0.4168490955677293,0.31250548776319076
NK cells_PB333,0.06653101752899823,0.476338618346816,0.1474070862885193,0.3097232778356664
B cells_PB334,0.0645964967153473,0.4680811296321194,0.29470816531840577,0.17261420833412766
NK cells_PB335,0.13834657509512185,0.5115215712306227,0.35013185367425537,0.0
T cells_PB336,1.0,0.0,0.0,0.0
Monocytes_PB337,0.0,0.9431516841677661,0.05684831583223383,0.0
NK cells_PB338,0.0,0.18008992666055224,0.4058564949689057,0.414053578370542
B cells_PB339,0.197520460675796,0.3199622224226282,0.4825173169015759,0.0
NK cells_PB340,0.13538080002147745,0.3351938311595099,0.3213153742790098,0.20810999454000284
T cells_PB341,0.133268501686309,0.30967165753173903,0.1477753296311508,0.40928451115080117
Monocytes_PB342,0.16171217291863302,0.4958040879632485,0.29387832100065925,0.048605418117459206
NK cells_PB343,0.0,0.4576174380367988,0.5423825619632013,0.0
T cells_PB344,0.0,0.4075082014668712,0.0,0.5924917985331289
B cells_PB345,0.22018754451261444,0.35301687074104704,0.4267955847463385,0.0
T cells_PB346,0.0,0.360608931443791,0.2722211513062841,0.36716991724992487
NK cells_PB347,0.19028913238256798,0.19067386267206585,0.4986156848440671,0.12042132010129898
NK cells_PB348,0.26986304124898924,0.36997529542269497,0.36016166332831573,0.0
T cells_PB349,0.06272159244579037,0.3502903918993812,0.42957353176511454,0.1574144838897139
NK cells_PB350,0.0,0.24725009153962096,0.752749908460379,0.0
Monocytes_PB351,0.02356850317939836,0.5688547320131523,0.4075767648074494,0.0
T cells_PB352,0.13883658599101487,0.09283642002723733,0.34658520642499746,0.4217417875567504
Monocytes_PB353,0.11571343759555773,0.7308846786738802,0.15340188373056202,0.0
Monocytes_PB354,0.22426123216410143,0.33157406781116805,0.4441647000247305,0.0
Monocytes_PB355,0.15922624129506865,0.22986930669487265,0.43093131282559843,0.17997313918446017
NK cells_PB356,0.17857660469772335,0.16505326881752314,0.3857030266298944,0.2706670998548592
Monocytes_PB357,0.27569258348476905,0.26774398545500283,0.23616221357015652,0.2204012174900716
Monocytes_PB358,0.05728705692282016,0.5922258895137955,0.3504870535633843,0.0
T cells_PB359,0.0,0.07619402334434715,0.6434811229008064,0.28032485375484645
T cells_PB360,0.0,0.32097268792464995,0.5506080365684921,0.12841927550685797
NK cells_PB361,0.004364402428710018,0.26082097307116675,0.1311743416774747,0.6036402828226485
B cells_PB362,0.24538293079174578,0.27514580670878425,0.13540143943468128,0.3440698230647888
Monocytes_PB363,0.0,0.5621965876358155,0.4378034123641846,0.0
NK cells_PB364,1.0,0.0,0.0,0.0
Monocytes_PB365,0.12041459002967422,0.7491158191689121,0.12043304426989225,0.010036546531521338
T cells_PB366,0.17900201961555257,0.2549775087262119,0.3608985429438072,0.2051219287144284
T cells_PB367,0.07309790582808266,0.06444220050432517,0.31808277295672915,0.5443771207108631
T cells_PB368,0.0,0.17503799234384437,0.8249620076561556,0.0
B cells_PB369,0.13508192754406326,0.352333386895404,0.46721702462389175,0.045367660936640894
T cells_PB370,0.12509277664684545,0.4433296206808259,0.3525017129499917,0.07907588972233695
Monocytes_PB371,0.20970551385303987,0.2432502691932886,0.31715658723923484,0.2298876297144367
NK cells_PB372,0.21901878992841728,0.4501305203838695,0.2916898181672661,0.039160871520446984
T cells_PB373,0.17567515604292222,0.41449686685630965,0.2978592294591353,0.11196874764163295
Monocytes_PB374,0.07540589089389338,0.7378845203877482,0.1854549241217885,0.0012546645965700422
Monocytes_PB375,0.4702863738303628,0.1533147033652234,0.3081572271057975,0.0682416956986163
B cells_PB376,0.25316812601716876,0.250076579424401,0.3038990193254072,0.1928562752330231
NK cells_PB377,0.15637852180310255,0.1953364379542247,0.6482850402426727,0.0
Monocytes_PB378,0.2747525563583637,0.1117485817785389,0.2232256398051546,0.39027322205794274
T cells_PB379,0.0,0.16755852807077384,0.47643435021306585,0.3560071217161603
B cells_PB380,0.0,0.487459290085832,0.512540709914168,0.0
B cells_PB381,0.1661574858773742,0.3566284485645272,0.4772140655580986,0.0
T cells_PB382,0.0,0.16186477176317457,0.2707678572140738,0.5673673710227516
T cells_PB383,0.050312515618139035,0.27758466445692676,0.3220365981162796,0.35006622180865465
Monocytes_PB384,0.0,0.8709556793916311,0.12904432060836904,0.0
T cells_PB385,0.17156716164703112,0.12069177917194172,0.17077353393025105,0.536967525250776
T cells_PB386,0.028395927220812425,0.22888962933782253,0.6263835743796372,0.11633086906172782
B cells_PB387,0.2691018015902786,0.3052570688732076,0.42564112953651384,0.0
Monocytes_PB388,0.050363968868425764,0.3383345691180846,0.39972915765848616,0.2115723043550036
NK cells_PB389,0.12187170004498672,0.17036660293392716,0.49674847516975124,0.21101322185133492
B cells_PB390,0.19971505908550194,0.25399537199439537,0.3074569347596945,0.23883263416040815
NK cells_PB391,0.05129064425975598,0.054704687032134956,0.5868098084223103,0.30719486028579873
NK cells_PB392,0.0,0.2816882476819406,0.7183117523180594,0.0
NK cells_PB393,0.3134264718395134,0.2156007899540134,0.43871134578250087,0.03226139242397235
Monocytes_PB394,0.12864430744802866,0.6868811940746912,0.17665233242989242,0.007822166047387684
NK cells_PB395,0.05525321188448722,0.33616886352528935,0.36941805295990965,0.2391598716303138
B cells_PB396,0.5267112464348469,0.19796134115130626,0.1558254823682689,0.11950193004557802
NK cells_PB397,0.19075181768643704,0.15167022067337668,0.4480739037738381,0.20950405786634813
T cells_PB398,0.0,0.5086307266523311,0.3943560577001144,0.09701321564755454
NK cells_PB399,0.0,0.22867223480887128,0.7279807696258501,0.04334699556527867
Monocytes_PB400,0.0,0.7940747572631449,0.10143477867353252,0.10449046406332245
B cells_PB401,0.058652351119540834,0.3537993125995509,0.35355315033433204,0.2339951859465761
NK cells_PB402,0.11380535397098816,0.14340381039783442,0.5929723522744476,0.14981848335672976
T cells_PB403,0.0,0.31504807712467064,0.4841174104173455,0.2008345124579838
Monocytes_PB404,0.0,0.8904852479887028,0.1095147520112972,0.0
NK cells_PB405,0.11882533697341026,0.3240157217516811,0.5312221695673602,0.025936771707548413
Monocytes_PB406,0.0,0.8454253015362407,0.13544138175156417,0.019133316712195023
Monocytes_PB407,0.15968575001520668,0.3686472479918128,0.37005892627477954,0.10160807571820084
T cells_PB408,0.08582689741133609,0.29558041739102914,0.25687834535978477,0.36171433983784995
B cells_PB409,0.5145249340086584,0.13097220182426686,0.1016263520036704,0.2528765121634042
Monocytes_PB410,0.17766490161923787,0.2620126994907019,0.3806014357520354,0.179720963138025
B cells_PB411,0.028246627605389457,0.5427595088532393,0.42899386354137126,0.0
Monocytes_PB412,0.0,1.0,0.0,0.0
Monocytes_PB413,0.03964367824174758,0.8007973027127206,0.04680969596511274,0.112749323080419
Monocytes_PB414,0.10564075071017456,0.5532686610825961,0.3410905882072294,0.0
B cells_PB415,1.0,0.0,0.0,0.0
T cells_PB416,0.14532138180075574,0.34624025617097903,0.43512998554410476,0.07330837648416053
NK cells_PB417,0.1542068796056001,0.4324153358994594,0.18053840747191457,0.23283937702302596
Monocytes_PB418,0.03774937887292386,0.4635203665870768,0.18122058304545396,0.3175096714945454
NK cells_PB419,0.16661497173860482,0.2369532349941199,0.5896613737453068,0.006770419521968468
Monocytes_PB420,0.0,0.9753593517691013,0.024640648230898756,0.0
T cells_PB421,0.026542507698975263,0.2270230312599407,0.5552266737837351,0.19120778725734897
T cells_PB422,0.0,0.22088617251679507,0.3349657146551639,0.44414811282804106
B cells_PB423,0.0,0.3160640198719052,0.463991799927356,0.2199441802007389
NK cells_PB424,0.00336501859135711,0.2579390517031871,0.5719189567925956,0.16677697291286023
T cells_PB425,0.14466003598372285,0.3798545490033547,0.3240305576863628,0.15145485732655967
T cells_PB426,0.0,0.27565963390336,0.27117554042069975,0.45316482567594024
Monocytes_PB427,0.16743063517370826,0.49640442081797637,0.32682510397418085,0.009339840034134609
B cells_PB428,0.5064295170940184,0.1798955893130403,0.06622120566170332,0.24745368793123812
B cells_PB429,0.3214448341582405,0.24195071141388116,0.27332351596364857,0.16328093846422978
T cells_PB430,0.0,0.4317716475732115,0.5682283524267885,0.0
Monocytes_PB431,0.1996531721356494,0.42313266790382353,0.377214159960527,0.0
T cells_PB432,0.05432946616855902,0.16039595716637065,0.6051831936779903,0.1800913829870801
NK cells_PB433,0.10050963554551429,0.1592055743042272,0.5722607107933027,0.16802407935695582
T cells_PB434,0.16690342072878128,0.4791035668963272,0.3539930123748914,0.0
B cells_PB435,0.10498163885454509,0.33322359016801156,0.33897651306980126,0.22281825790764204
Monocytes_PB436,0.0075195483640405104,0.7389104039524637,0.0730135245294154,0.18055652315408038
Monocytes_PB437,0.24847790655730204,0.2658958511498364,0.45849902722734315,0.027127215065518386
NK cells_PB438,0.04064990724962642,0.1807430445628787,0.7786070481874948,0.0
Monocytes_PB439,0.0,0.7891132384772491,0.14969190020377862,0.06119486131897233
NK cells_PB440,0.0836901061358335,0.49138138892640937,0.32399685465924255,0.1009316502785145
NK cells_PB441,0.0,0.35349606227861524,0.6465039377213846,0.0
T cells_PB442,0.0,0.07513108891630162,0.42739610281893137,0.497472808264767
Monocytes_PB443,0.0496617260600422,0.4063889992177267,0.5094140452996525,0.03453522942257859
B cells_PB444,0.0472701781758961,0.36123941045331015,0.3271989691218989,0.2642914422488948
NK cells_PB445,0.0,0.23616361040152042,0.37764223359417165,0.3861941560043078
B cells_PB446,0.6493195445610258,0.21424548229267742,0.12613966554330963,0.010295307602987193
Monocytes_PB447,0.0,0.958213547850571,0.04178645214942898,0.0
B cells_PB448,0.36387929224905524,0.39743526081955055,0.024430574514382117,0.21425487241701202
T cells_PB449,0.05880795446422216,0.4218723304786884,0.43358735700797607,0.0857323580491134
T cells_PB450,0.13526327472307714,0.35096478786317775,0.5137719374137452,0.0
B cells_PB451,0.2573405124738016,0.21243177652858838,0.53022771099761,0.0
NK cells_PB452,0.1798927959426153,0.20401677113808475,0.5626711956719666,0.05341923724733337
Monocytes_PB453,0.13541545031025026,0.3884985746155201,0.3958456747031589,0.08024030037107086
B cells_PB454,0.4466796649457868,0.2527501185935224,0.2675468431064709,0.03302337335421991
NK cells_PB455,0.13676987036103475,0.3339894212202737,0.35592990740803043,0.17331080101066126
T cells_PB456,0.0,0.45657199101929924,0.536360898430312,0.0070671105503886935
B cells_PB457,0.0,0.45156213001693385,0.548437869983066,0.0
T cells_PB458,0.17505484580514877,0.20320290318660053,0.3742347060092364,0.24750754499901434
B cells_PB459,0.0,0.36144647082748155,0.12360946006779856,0.51494406910472
T cells_PB460,0.2240439384595907,0.27340386848559894,0.3467263944516682,0.15582579860314227
B cells_PB461,0.0,0.4234257023968382,0.3016194709793541,0.27495482662380766
T cells_PB462,0.02136811696063327,0.2876286368168622,0.5813566525178212,0.1096465937046834
B cells_PB463,0.5119773819212907,0.2880017087795341,0.08065131749350499,0.11936959180567007
Monocytes_PB464,0.0,0.8531377675671513,0.13371706441437248,0.01314516801847624
T cells_PB465,0.0,0.24501129555689294,0.01077373152320982,0.7442149729198974
NK cells_PB466,0.10098336294950555,0.37730207919604974,0.5060447396254272,0.015669818229017547
T cells_PB467,0.22593780249753817,0.3197249777918278,0.32356967773359235,0.13076754197704182
NK cells_PB468,0.02353875395941122,0.14523144427592066,0.45833245287295793,0.37289734889171017
Monocytes_PB469,0.10628207444250343,0.3879953846700492,0.3113309919009425,0.1943915489865049
B cells_PB470,0.5902045113045953,0.258593722841364,0.15120176585404066,0.0
T cells_PB471,0.24070662581203217,0.4072292151669943,0.35206415902097354,0.0
NK cells_PB472,0.0,0.1178766562713513,0.8719545743307354,0.010168769397913256
NK cells_PB473,0.03637826558863239,0.5106735603704043,0.21002241319381973,0.24292576084714357
B cells_PB474,0.5668765302905873,0.2002709808210759,0.1526465352920139,0.08020595359632292
Monocytes_PB475,0.02654903356285041,0.5598572969236032,0.31268006485351235,0.10091360466003399
B cells_PB476,0.46570733541152015,0.15991149588658513,0.0002047864749105384,0.37417638222698407
Monocytes_PB477,0.14254267133057294,0.20762797918382214,0.42934658920371443,0.22048276028189046
NK cells_PB478,0.0,0.2560620341185999,0.7273602204172828,0.016577745464117326
Monocytes_PB479,0.0,0.926681348883499,0.07331865111650104,0.0
B cells_PB480,0.0967138005248796,0.31951881066524435,0.583767388809876,0.0
