,B cells,Monocytes,NK cells,T cells
T cells_PB1,0.18798852024899868,0.2399341232668343,0.21213823472439527,0.35993912175977183
B cells_PB2,0.7569006678268959,0.0929201519735128,0.03969565649975174,0.11048352369983953
T cells_PB3,0.11653740036962822,0.13605812605391188,0.14681240483871144,0.6005920687377484
Monocytes_PB4,0.16094653369252582,0.5205947186473024,0.18303783118422506,0.1354209164759467
T cells_PB5,0.27954365584820645,0.23811940763192305,0.28626989376632883,0.1960670427535416
T cells_PB6,0.2762998847217073,0.24618160931866864,0.27026059796258256,0.2072579079970414
Monocytes_PB7,0.2849807732990046,0.15231590591141853,0.24751650332883313,0.3151868174607438
T cells_PB8,0.11284710612542453,0.09246719353246882,0.07342910142150341,0.7212565989206031
Monocytes_PB9,0.2196746518713542,0.5179905355614999,0.11936740326033199,0.14296740930681406
B cells_PB10,0.591940371204006,0.16738934892277174,0.09033814562960053,0.15033213424362177
NK cells_PB11,0.3092466614333397,0.2779137428781117,0.07753313587360514,0.3353064598149434
NK cells_PB12,0.0704944982891646,0.06759651294338254,0.7965503012330467,0.06535868753440624
NK cells_PB13,0.11620247395177961,0.11803747118584725,0.666851653403636,0.09890840145873726
Monocytes_PB14,0.2829575392521708,0.24612143521881308,0.18850188635119605,0.2824191391778202
NK cells_PB15,0.26060574979272844,0.23711980732481858,0.2086544367325862,0.2936200061498666
B cells_PB16,0.23257054093994473,0.20306385798351945,0.3015172159922763,0.26284838508425956
NK cells_PB17,0.22529951789833955,0.23019212079478993,0.2813778826867408,0.26313047862012984
Monocytes_PB18,0.17992418353251136,0.4709211799896485,0.14189426443384734,0.20726037204399286
B cells_PB19,0.4046317437614748,0.2405316413752578,0.16193910967800915,0.19289750518525828
NK cells_PB20,0.24672020122731245,0.22344846389029574,0.2999630079192988,0.229868326963093
B cells_PB21,0.539802383851644,0.17455331539398938,0.16269839709286105,0.12294590366150553
T cells_PB22,0.3090287857002022,0.2509183385867461,0.25308192780220035,0.18697094791085128
T cells_PB23,0.29132269824507073,0.17985044250158813,0.23858389967870092,0.29024295957464014
Monocytes_PB24,0.19710576970191845,0.3703635683926825,0.20849554218744795,0.22403511971795106
T cells_PB25,0.21437277592181805,0.17809030646578056,0.18994573661697864,0.4175911809954226
T cells_PB26,0.09458978138791554,0.13767550253709818,0.12873309612400008,0.6390016199509863
NK cells_PB27,0.2242291065987391,0.20855996869985874,0.2352888376685389,0.33192208703286324
Monocytes_PB28,0.19145100830842587,0.44417192403777417,0.18439278279967236,0.17998428485412757
Monocytes_PB29,0.17559057345834206,0.4880894371221195,0.19322804616418154,0.143091943255357
Monocytes_PB30,0.22649216467282807,0.13937544184084924,0.30065808792192467,0.333474305564398
NK cells_PB31,0.12102722408072035,0.1646195156066943,0.5333140593626174,0.18103920094996798
T cells_PB32,0.25905014215527217,0.30614827600206546,0.193055386817523,0.24174619502513942
T cells_PB33,0.2978109855354108,0.3168534604000889,0.2436679296086552,0.14166762445584502
T cells_PB34,0.08798989357477967,0.05789237070829514,0.10268364538423755,0.7514340903326876
T cells_PB35,0.09338558537145468,0.07018110311362101,0.11623895257578659,0.7201943589391376
B cells_PB36,0.6583023443387627,0.13966330858385595,0.1383402726255817,0.06369407445179973
NK cells_PB37,0.2811982104115202,0.19175589663264747,0.2875610982974204,0.23948479465841208
Monocytes_PB38,0.2498262668945052,0.17244023313718246,0.27377844875250124,0.3039550512158112
B cells_PB39,0.5866911911970992,0.11755966616483948,0.15098409914406935,0.14476504349399208
B cells_PB40,0.43390699847561487,0.2150190941965023,0.23938537050007178,0.11168853682781102
NK cells_PB41,0.25222179644745574,0.25337458322113765,0.20553733077125164,0.2888662895601549
Monocytes_PB42,0.2032327292114253,0.4595710079354717,0.12413285569148773,0.2130634071616153
NK cells_PB43,0.2926124317107439,0.2997100108339125,0.15860879854851706,0.2490687589068264
B cells_PB44,0.7072322471264398,0.08100502769783069,0.10845990996023218,0.10330281521549722
B cells_PB45,0.282634986683745,0.24125612349769907,0.23337201182018452,0.24273687799837146
NK cells_PB46,0.17064962933243966,0.14158141308714367,0.5295090363297994,0.15825992125061733
T cells_PB47,0.22306234130803285,0.21028515749965576,0.23207719708691718,0.3345753041053942
Monocytes_PB48,0.16355917364408745,0.4551192094730336,0.1970194874358986,0.18430212944698032
B cells_PB49,0.5085812930627264,0.16782416511124792,0.1681504811716358,0.15544406065438995
B cells_PB50,0.20424110557915418,0.2823254766227843,0.1970539013855865,0.316379516412475
NK cells_PB51,0.08553324081187096,0.06911742341540038,0.7839996243703069,0.06134971140242173
T cells_PB52,0.11883825343157223,0.14221062026867906,0.1037422729703364,0.6352088533294123
B cells_PB53,0.7271618401184341,0.07744957052467454,0.09315966864728566,0.1022289207096057
T cells_PB54,0.09489002988712456,0.10082634151511116,0.05579383692856627,0.748489791669198
Monocytes_PB55,0.19400976683731477,0.5130497792485943,0.1162292601752892,0.17671119373880176
NK cells_PB56,0.09571890489228228,0.10285705719751632,0.7298472027132881,0.07157683519691324
B cells_PB57,0.1806091600152836,0.2519129301364462,0.3223033918427187,0.24517451800555135
T cells_PB58,0.271393946750572,0.23496356254589545,0.22443329358236971,0.26920919712116287
NK cells_PB59,0.2898639033185793,0.2467516464164535,0.16417922279363248,0.2992052274713347
B cells_PB60,0.34244604981574506,0.22712058910188668,0.2875545565125065,0.142878804569862
B cells_PB61,0.37931819918343124,0.23404893630238696,0.19313572581580774,0.19349713869837407
NK cells_PB62,0.20373523181712974,0.2748881336908897,0.2889693709941723,0.23240726349780833
Monocytes_PB63,0.14144668396284252,0.6708446994933179,0.10218837569257211,0.08552024085126733
T cells_PB64,0.1717725746803869,0.2378883390132021,0.22369520510096627,0.36664388120544456
Monocytes_PB65,0.24529922966748316,0.2861199314978516,0.24226275421049845,0.22631808462416667
B cells_PB66,0.4947138864997492,0.17903560875270788,0.12412012989004693,0.20213037485749596
T cells_PB67,0.24242662073518256,0.30269583542403194,0.2481413675835171,0.20673617625726853
NK cells_PB68,0.1192163909093094,0.09277639363601257,0.6699961190171446,0.11801109643753337
T cells_PB69,0.3170603706757833,0.2481205870828139,0.29014469347795263,0.1446743487634502
T cells_PB70,0.08253725736126571,0.06354920874898456,0.06587180341123568,0.7880417304785141
Monocytes_PB71,0.11662538491187198,0.6219798328596685,0.18425215633815148,0.07714262589030828
NK cells_PB72,0.2261303816007636,0.22474792969285481,0.24519700561720403,0.3039246830891774
T cells_PB73,0.26232175773324645,0.32087802197963117,0.3021758026653956,0.11462441762172668
Monocytes_PB74,0.1072114480490623,0.6876660909517677,0.07946780514661063,0.1256546558525594
Monocytes_PB75,0.14256456914056015,0.591167620692635,0.155517517082483,0.11075029308432187
NK cells_PB76,0.13960916961561873,0.13033040800743656,0.5894009735660309,0.14065944881091402
T cells_PB77,0.11200649942552626,0.12077489268810312,0.13975891262031834,0.6274596952660524
NK cells_PB78,0.2835814501491093,0.2920186805627457,0.2009807746771372,0.22341909461100778
T cells_PB79,0.2235436399612749,0.1950835137080015,0.23557458931260447,0.3457982570181191
T cells_PB80,0.28641398852340433,0.27775072983843346,0.24643797114246602,0.18939731049569616
B cells_PB81,0.7003793881470026,0.11612096350212534,0.07990311388737721,0.1035965344634948
B cells_PB82,0.5428695876459088,0.13805550399681144,0.17091674895808984,0.14815815939919
B cells_PB83,0.33901892952404866,0.2491342673339849,0.21315282113747344,0.198693982004493
B cells_PB84,0.1377389411950661,0.29380205051521174,0.26772790828919807,0.3007311000005241
B cells_PB85,0.3296519038399385,0.21753895879531834,0.261409836077434,0.19139930128730923
NK cells_PB86,0.18480928521117948,0.2631072511201107,0.3147906212266251,0.2372928424420847
NK cells_PB87,0.144322261325713,0.1290028813051542,0.5764767601881949,0.15019809718093793
Monocytes_PB88,0.14559338693176135,0.541324985621912,0.16130750838034544,0.15177411906598107
Monocytes_PB89,0.13913726198796195,0.713122948199839,0.07077945508579257,0.0769603347264065
T cells_PB90,0.20316708903781389,0.20077565002394954,0.13710827171177867,0.45894898922645805
B cells_PB91,0.20205298746463063,0.2757563807583668,0.2984016236395893,0.22378900813741315
T cells_PB92,0.1324520479255724,0.15200564096487615,0.11539197430569209,0.6001503368038594
NK cells_PB93,0.10169923806049774,0.14652647112684297,0.6271221783019152,0.12465211251074393
B cells_PB94,0.47954454359973414,0.1733391874191752,0.1889059765961197,0.15821029238497095
Monocytes_PB95,0.1157557875544121,0.64578312848696,0.14061891537636798,0.09784216858226007
NK cells_PB96,0.17148742545789994,0.19445582627106722,0.41345591229740897,0.22060083597362382
T cells_PB97,0.17550241121295868,0.1739177186975313,0.19148753774506555,0.4590923323444444
B cells_PB98,0.40420041605369855,0.20720251570495352,0.21047812147471673,0.17811894676663115
B cells_PB99,0.1235971661417823,0.2839703410212652,0.3161193596107787,0.2763131332261738
B cells_PB100,0.14957866577082474,0.30640153899700057,0.2927209918372478,0.2512988033949269
Monocytes_PB101,0.26637095329588056,0.12468681732264056,0.31162393719418224,0.2973182921872966
B cells_PB102,0.5627018102455702,0.15976307548417962,0.19559019343080078,0.08194492083944935
NK cells_PB103,0.21434345179017808,0.24120568077376262,0.3353844370396426,0.20906643039641673
NK cells_PB104,0.170611402731146,0.18553228323239032,0.4394855282555994,0.20437078578086426
Monocytes_PB105,0.1076858961935764,0.7147660263738828,0.10309686213105496,0.07445121530148582
B cells_PB106,0.2886278831251384,0.2560417090695532,0.20173829060721535,0.253592117198093
NK cells_PB107,0.22163844808828018,0.2001257834729058,0.40355922263035743,0.1746765458084565
Monocytes_PB108,0.12194204294427832,0.6420701753995856,0.11347177851322188,0.12251600314291412
T cells_PB109,0.2812345782746753,0.23936736553314664,0.21679942953424172,0.2625986266579364
B cells_PB110,0.1598597112608296,0.2578183365987605,0.2828798124077413,0.29944213973266853
NK cells_PB111,0.19279202178855476,0.24283609408683557,0.29874853350702063,0.26562335061758896
NK cells_PB112,0.26100663528777196,0.3190294158561152,0.19588374079224,0.22408020806387277
Monocytes_PB113,0.07968726236256754,0.7609214445886551,0.05308574320955432,0.10630554983922305
B cells_PB114,0.6411280048401367,0.10300648295139529,0.1258762248619551,0.12998928734651305
T cells_PB115,0.08866595648550836,0.16037550739276546,0.2028318627103522,0.5481266734113741
T cells_PB116,0.0841403815397781,0.08950342536827516,0.139101933185629,0.6872542599063178
NK cells_PB117,0.13636769744412866,0.0894662846070761,0.6474152813250914,0.1267507366237036
T cells_PB118,0.26256136096537236,0.27113482649546633,0.2100492417908572,0.25625457074830404
T cells_PB119,0.12270268226432776,0.07501615514014828,0.1442974783484384,0.6579836842470856
Monocytes_PB120,0.14396102008733555,0.45272713796933994,0.21574656771615133,0.18756527422717306
NK cells_PB121,0.09037335405766755,0.10212631144048648,0.6757220319343378,0.13177830256750825
Monocytes_PB122,0.07604924425497833,0.7265859792157331,0.10328128544251558,0.0940834910867729
T cells_PB123,0.2198213338533293,0.2609235240796943,0.18979110098962948,0.32946404107734706
Monocytes_PB124,0.24582723663632117,0.1810927688659518,0.3117376744475005,0.26134232005022656
NK cells_PB125,0.24086576419991199,0.2513566385988021,0.25445033279842133,0.2533272644028647
Monocytes_PB126,0.16890335367638493,0.40694960582167305,0.18741684707401038,0.23673019342793167
B cells_PB127,0.6749236558505544,0.1160427941798755,0.09748190390370472,0.1115516460658655
NK cells_PB128,0.09199932001058625,0.08975710460369286,0.7267154464918539,0.091528128893867
T cells_PB129,0.28818042512017344,0.2723361950664749,0.31145457855990877,0.1280288012534428
NK cells_PB130,0.15346338988770342,0.187834793160392,0.44464214760720827,0.21405966934469617
Monocytes_PB131,0.20489920988786023,0.39042566618022134,0.21580773993937227,0.18886738399254613
Monocytes_PB132,0.2973604355628333,0.26164689255027307,0.21429929298113554,0.22669337890575814
Monocytes_PB133,0.2924912114724753,0.17342649676896843,0.30860464470280674,0.22547764705574955
NK cells_PB134,0.2582390719091758,0.21610697241734703,0.34732134053287594,0.1783326151406013
B cells_PB135,0.7500032227849819,0.07090677576426906,0.058728771092143715,0.12036123035860541
T cells_PB136,0.2384640602524762,0.2268364249531019,0.20530249115360638,0.32939702364081547
T cells_PB137,0.15921368039613878,0.1514362186607893,0.21938908365681703,0.469961017286255
B cells_PB138,0.5673570124083736,0.15772962425393408,0.10201305418997823,0.1729003091477141
T cells_PB139,0.20288539089348062,0.20882627273664164,0.24943699249499385,0.33885134387488386
NK cells_PB140,0.0671279359253287,0.06943043695780392,0.7758875703716105,0.08755405674525704
NK cells_PB141,0.0827577886285783,0.07410562380291123,0.8044670994298948,0.03866948813861559
NK cells_PB142,0.21329601864962094,0.27757212319456986,0.2748458748249123,0.23428598333089684
T cells_PB143,0.20069419207326844,0.15071613407061038,0.24375654713629866,0.4048331267198225
NK cells_PB144,0.17856425823263467,0.2743082180668176,0.2919113962777798,0.2552161274227678
NK cells_PB145,0.22058167956568742,0.2614279597445019,0.30710233418729355,0.2108880265025171
NK cells_PB146,0.25633191769214125,0.30554422906010525,0.11285511473412975,0.3252687385136237
B cells_PB147,0.5118895795424437,0.13433838760128478,0.15664548803079434,0.19712654482547712
Monocytes_PB148,0.15188294525058557,0.4481156279932146,0.1822298417438575,0.21777158501234234
T cells_PB149,0.3351453639929344,0.2488245102630826,0.28262134196624855,0.1334087837777345
B cells_PB150,0.3021513122744589,0.24758874062219147,0.23058966072645853,0.2196702863768912
T cells_PB151,0.0610740005401944,0.0806976909893046,0.09254681072824905,0.7656814977422519
T cells_PB152,0.25104967992619726,0.22811277964320406,0.2522334751291148,0.26860406530148373
Monocytes_PB153,0.2907198854689277,0.2035339187935245,0.28026989436945826,0.22547630136808947
NK cells_PB154,0.2480552551204214,0.16748504247441098,0.45062741896090186,0.13383228344426562
T cells_PB155,0.06721617792013189,0.08934252291652563,0.05703110658251025,0.7864101925808323
B cells_PB156,0.28192930011311523,0.24951555611751083,0.2434822579643275,0.22507288580504642
Monocytes_PB157,0.11166066658331388,0.5704191436372743,0.1627243296911605,0.1551958600882514
NK cells_PB158,0.15597030361171016,0.09043431115382404,0.643654460928457,0.10994092430600867
B cells_PB159,0.27902317931879295,0.20978499081240373,0.2487091557998983,0.2624826740689051
T cells_PB160,0.12477716482543046,0.13573712935558052,0.1216590245653016,0.6178266812536874
T cells_PB161,0.2648341478220044,0.2415497558480434,0.16058723082580142,0.33302886550415084
T cells_PB162,0.15326685680676835,0.14298885726586313,0.0878846716594933,0.6158596142678752
NK cells_PB163,0.17028053849008995,0.17991941277865653,0.525590323919734,0.12420972481151932
B cells_PB164,0.48974768262966556,0.1854672610486062,0.16662641379637724,0.15815864252535095
NK cells_PB165,0.3023881455164263,0.2965575836730136,0.19125536733684634,0.20979890347371383
B cells_PB166,0.6704684939041645,0.09195347543551936,0.10130102730333393,0.13627700335698212
Monocytes_PB167,0.25471198578515236,0.31884718270375195,0.23946643772485804,0.18697439378623767
Monocytes_PB168,0.2742557057958726,0.23602268279295657,0.2736820918486057,0.21603951956256512
NK cells_PB169,0.2683855676027289,0.2667475719425855,0.14143164054574875,0.3234352199089367
NK cells_PB170,0.1309463739798059,0.17894090739877727,0.5198352683126869,0.17027745030872998
B cells_PB171,0.572193542789683,0.16313024380468782,0.13673956083502473,0.1279366525706044
Monocytes_PB172,0.2598310398030987,0.104049054401808,0.3111034541555543,0.325016451639539
B cells_PB173,0.45910328329508004,0.1906872165009701,0.18556810659724693,0.16464139360670305
T cells_PB174,0.2560594294209951,0.2334136366512523,0.25233163836084355,0.25819529556690907
NK cells_PB175,0.14986919049235228,0.1416004809275645,0.551199425203598,0.1573309033764852
NK cells_PB176,0.26443673733324047,0.2596842888989538,0.22944669020917724,0.24643228355862865
T cells_PB177,0.16475586101386155,0.15205898984654487,0.13942331945382547,0.543761829685768
NK cells_PB178,0.2492451175963408,0.18289925876550805,0.3582940098214873,0.20956161381666388
Monocytes_PB179,0.13621475931688035,0.7432680152781325,0.06810552321599088,0.052411702188996205
Monocytes_PB180,0.27644641690520544,0.1920823058493248,0.27772618752706807,0.25374508971840165
Monocytes_PB181,0.22085439294018094,0.3347371729901136,0.21881035572095803,0.2255980783487474
T cells_PB182,0.29079265607036436,0.27149861281262816,0.23199391591206406,0.20571481520494342
Monocytes_PB183,0.059391232609203586,0.7481505211346583,0.09859657576796149,0.09386167048817669
B cells_PB184,0.732908180029834,0.09700726283042248,0.12048318485085371,0.04960137228888974
NK cells_PB185,0.1880440969370535,0.23964137548913098,0.27362458227911446,0.2986899452947011
NK cells_PB186,0.15642538703160555,0.12953930359892665,0.5681189065817749,0.1459164027876929
T cells_PB187,0.10403566166705605,0.10058841123966797,0.12397529892584465,0.6714006281674313
NK cells_PB188,0.1727912605148594,0.17121604904469984,0.5038555315896475,0.15213715885079332
Monocytes_PB189,0.20921110668362713,0.49432276589391627,0.08832229486437652,0.20814383255808006
T cells_PB190,0.23142738853898848,0.2166937986714344,0.2814083298205619,0.27047048296901527
T cells_PB191,0.27986740504191143,0.30202922368870394,0.2675504949011894,0.1505528763681953
NK cells_PB192,0.09355551492578118,0.09952993795033373,0.7090811360913882,0.0978334110324969
T cells_PB193,0.10162792608397171,0.0943061416656594,0.04497852981294231,0.7590874024374266
Monocytes_PB194,0.18312863698244333,0.5280540412193,0.2005043389014747,0.08831298289678184
Monocytes_PB195,0.23499380867032457,0.34278771533199165,0.2120718437616967,0.21014663223598706
T cells_PB196,0.1901183803946198,0.21044021298510446,0.2659697741345216,0.33347163248575407
T cells_PB197,0.11775525431465782,0.11836026053263138,0.21711462986231986,0.5467698552903909
T cells_PB198,0.0588752466498548,0.11416936254829063,0.09805108607241789,0.7289043047294366
Monocytes_PB199,0.11737535833078475,0.7006656877192792,0.10536633351724398,0.07659262043269194
Monocytes_PB200,0.11754473096133386,0.6457301045369014,0.10547411208469883,0.131251052417066
T cells_PB201,0.17715221514911383,0.11476140943185453,0.14460344846376078,0.5634829269552709
NK cells_PB202,0.3080820159309974,0.2731760165832967,0.14044504547509723,0.2782969220106085
T cells_PB203,0.20741947705512012,0.2661364507123142,0.28468381076348487,0.24176026146908086
T cells_PB204,0.07934147480538663,0.08539528590307958,0.0633184467880485,0.7719447925034852
NK cells_PB205,0.1970893558283947,0.1372302109415409,0.49642535762213574,0.16925507560792866
T cells_PB206,0.2421948008575714,0.2876370278541363,0.34921623653037154,0.1209519347579207
Monocytes_PB207,0.2862052841185338,0.16107464616642847,0.2720789630611849,0.2806411066538529
T cells_PB208,0.1328115442058078,0.13202121296124336,0.18691320721560734,0.5482540356173415
T cells_PB209,0.32596008799235776,0.27723681682767337,0.29262747752930096,0.10417561765066782
T cells_PB210,0.2531891071830838,0.2639225045079641,0.2607280233287455,0.2221603649802067
B cells_PB211,0.4827597439494662,0.187792810707105,0.15803126485597846,0.1714161804874503
T cells_PB212,0.17716904722560592,0.15008232178188685,0.09597547713682614,0.5767731538556812
B cells_PB213,0.5795783631076562,0.1547982295739678,0.1493209607732821,0.11630244654509385
T cells_PB214,0.2242541566216548,0.23292429533044992,0.2913203823484445,0.25150116569945086
B cells_PB215,0.6061109161675923,0.14414864989424997,0.11024115177487297,0.13949928216328494
NK cells_PB216,0.23220320674450343,0.27063390065397375,0.21767941073108057,0.2794834818704422
Monocytes_PB217,0.2147290786911207,0.34110866683765656,0.24669971685993872,0.19746253761128385
NK cells_PB218,0.12252715987412897,0.14683633495604348,0.6248495918438327,0.10578691332599473
B cells_PB219,0.5424749666512393,0.151546756548092,0.17036885216978104,0.1356094246308876
Monocytes_PB220,0.09788287807186453,0.6718562046090449,0.14486214193792424,0.08539877538116629
Monocytes_PB221,0.14875477670080497,0.5359071755819055,0.1800938112575264,0.13524423645976322
T cells_PB222,0.17012679120928353,0.16623512710562766,0.19922946118373827,0.4644086205013505
T cells_PB223,0.2671625034560926,0.3017517303116349,0.24707030121553497,0.1840154650167375
Monocytes_PB224,0.19845435278286444,0.3593078446431375,0.21163505382948505,0.23060274874451303
B cells_PB225,0.30104102251335446,0.26250289651951264,0.26034482211661436,0.17611125885051854
B cells_PB226,0.2630649030466767,0.24003146409356835,0.22083305596488884,0.2760705768948661
NK cells_PB227,0.05318964697141101,0.07067321965425945,0.8061135614802354,0.0700235718940942
T cells_PB228,0.17927192131074282,0.2116243644002862,0.2294147249015838,0.37968898938738715
T cells_PB229,0.07728577474788484,0.09734253644747763,0.08780609368429272,0.7375655951203448
Monocytes_PB230,0.15910356960157643,0.5555858147223002,0.11140968670218207,0.17390092897394147
B cells_PB231,0.6505582320379301,0.13635015398208322,0.13012932701987884,0.08296228696010771
B cells_PB232,0.4728045262694811,0.18900658027456432,0.1853229722108546,0.15286592124509996
B cells_PB233,0.5075356639292296,0.16484080966242878,0.18866099308827336,0.13896253332006844
B cells_PB234,0.43296261302008926,0.17617110439478456,0.14059299171306097,0.2502732908720652
T cells_PB235,0.24785571300546674,0.26520973200253684,0.24959670740366277,0.23733784758833365
NK cells_PB236,0.11970941725599014,0.13834253279664624,0.596893931947394,0.14505411799996962
T cells_PB237,0.21247685892225904,0.26630092337425765,0.20884028769011892,0.3123819300133644
T cells_PB238,0.2937806446239159,0.3216776978816634,0.2858588779594039,0.09868277953501686
T cells_PB239,0.13118848056531113,0.1444353342917668,0.18756863079770447,0.5368075543452175
B cells_PB240,0.2141325293819647,0.26850798421884364,0.28499138441947147,0.2323681019797202
B cells_PB241,0.7862073440340566,0.07218648729899052,0.07526154058085592,0.06634462808609685
B cells_PB242,0.7833515207362935,0.09254872452524758,0.0645689386323264,0.05953081610613255
NK cells_PB243,0.10601759983924455,0.09075678365134852,0.7244455594515657,0.07878005705784114
NK cells_PB244,0.19259514144110648,0.22151440931631652,0.33630593599024494,0.24958451325233222
NK cells_PB245,0.26203752737008235,0.3273669575477066,0.12416678360415503,0.28642873147805586
B cells_PB246,0.7705728112317811,0.08029289623865676,0.08539541181205221,0.06373888071750981
Monocytes_PB247,0.19006456044630846,0.3816444180988136,0.24775620564664327,0.18053481580823474
Monocytes_PB248,0.04860140730998899,0.7859402673290092,0.0756016936131808,0.08985663174782087
B cells_PB249,0.7590789430639425,0.06859073674113204,0.12837055678300502,0.043959763411920455
T cells_PB250,0.13977231127412978,0.08958084993137287,0.07956231214302456,0.6910845266514728
NK cells_PB251,0.23194866338264422,0.20197021637233786,0.3336310411887305,0.23245007905628745
NK cells_PB252,0.19453607152920654,0.2077311041925484,0.3670593542889356,0.23067346998930946
T cells_PB253,0.1342967128459377,0.11722110378671048,0.09119922761925747,0.6572829557480944
T cells_PB254,0.24772662372544688,0.24067817969055136,0.21482027982704685,0.29677491675695494
NK cells_PB255,0.2404263733957766,0.28812156783022647,0.19092060482212586,0.28053145395187107
NK cells_PB256,0.1790534960966499,0.1591716601498815,0.4933730573495027,0.16840178640396597
T cells_PB257,0.05465951952855714,0.09276023059814133,0.05381755388243771,0.7987626959908638
Monocytes_PB258,0.1444672957297278,0.5880478984970815,0.11776959473408125,0.1497152110391095
B cells_PB259,0.4743963716190633,0.14522635260770647,0.19347099371161458,0.18690628206161555
Monocytes_PB260,0.27047147058665866,0.17790475393941277,0.2391573834987647,0.31246639197516396
T cells_PB261,0.1382948603659894,0.1607458207240192,0.1179668840910786,0.5829924348189128
T cells_PB262,0.06049652049649866,0.09717747034721196,0.07465474357238093,0.7676712655839085
B cells_PB263,0.18917374531256345,0.24652808883894603,0.25714372867291596,0.30715443717557467
NK cells_PB264,0.24768293218938536,0.18041375994634593,0.46344961826961206,0.10845368959465677
Monocytes_PB265,0.07706243170994828,0.7219992972647489,0.09505224492086882,0.10588602610443401
T cells_PB266,0.10400192580907248,0.16067157586144054,0.08230596885269188,0.6530205294767951
NK cells_PB267,0.13558952029029522,0.127677495142671,0.5895045874842788,0.1472283970827549
B cells_PB268,0.5727640264910998,0.14466137284703673,0.1050898934839454,0.17748470717791812
B cells_PB269,0.3420721976949266,0.25338965620311926,0.16224909355355668,0.2422890525483975
B cells_PB270,0.2980681331118293,0.20931125210964455,0.21638971194044587,0.2762309028380804
NK cells_PB271,0.09292294844096992,0.12290676784353624,0.6564703869200086,0.12769989679548532
Monocytes_PB272,0.11020484231645604,0.67603035418926,0.088146101870929,0.12561870162335487
NK cells_PB273,0.10434300290354998,0.09674410516155046,0.7178183023201266,0.081094589614773
T cells_PB274,0.08989626092198576,0.0710310630432826,0.0801106106363345,0.7589620653983972
T cells_PB275,0.18875526928558087,0.21324553696723964,0.13232112033898463,0.4656780734081949
T cells_PB276,0.1899694305789486,0.1623290840053514,0.17287996862696167,0.4748215167887384
Monocytes_PB277,0.14632981337192874,0.6783277203960206,0.07848501385424866,0.09685745237780209
B cells_PB278,0.5559895179993444,0.1889530589494994,0.15366880397462734,0.10138861907652881
B cells_PB279,0.5947861199970951,0.1227131591410463,0.14684452015558308,0.13565620070627557
B cells_PB280,0.6648041934655888,0.14369280588982544,0.11029242421276406,0.08121057643182154
NK cells_PB281,0.0960149779460791,0.08119206593732783,0.7354018649036252,0.08739109121296783
NK cells_PB282,0.17687389819688162,0.22896645519483455,0.3484647994471147,0.2456948471611691
T cells_PB283,0.2296816729204655,0.1733388796923291,0.25785036384771653,0.33912908353948895
B cells_PB284,0.17655649460357206,0.26677088539379745,0.26582834673980776,0.29084427326282264
B cells_PB285,0.5181654862240641,0.1678395786671822,0.1407103262648965,0.1732846088438571
B cells_PB286,0.12672636669820933,0.2703719886656901,0.28614125448902855,0.316760390147072
B cells_PB287,0.41664611231650645,0.1691034913446212,0.21208032970730978,0.20217006663156253
NK cells_PB288,0.1974585316768659,0.18208000817822456,0.4841028594136778,0.13635860073123177
NK cells_PB289,0.19902466256105733,0.24558635183771343,0.30236406683860373,0.2530249187626255
T cells_PB290,0.18321081177833934,0.13740803929562556,0.18742683507154437,0.4919543138544908
NK cells_PB291,0.3051142221544595,0.3112173506128557,0.10558189275010449,0.27808653448258036
T cells_PB292,0.28473204036682026,0.297528401529522,0.30185229463241553,0.11588726347124224
T cells_PB293,0.09086287566274756,0.08987985970830491,0.13704644262181406,0.6822108220071336
T cells_PB294,0.2392853974441034,0.19656104172443514,0.2353943521028291,0.3287592087286325
Monocytes_PB295,0.30135107183520504,0.17781027334483218,0.26603917737673255,0.25479947744323034
NK cells_PB296,0.16940104008022996,0.1562106210969025,0.4741099368009361,0.20027840202193128
Monocytes_PB297,0.12499748093752179,0.6626736307862612,0.10459435231233988,0.10773453596387725
Monocytes_PB298,0.26657141072040325,0.24442452975171816,0.24706186308474684,0.24194219644313167
NK cells_PB299,0.16351923750642475,0.1406024634816641,0.5295810923756669,0.16629720663624428
NK cells_PB300,0.26296959761034583,0.2516271207969367,0.13532982180881273,0.35007345978390475
NK cells_PB301,0.3421643144286912,0.2647223400520943,0.1510090155004352,0.24210433001877923
T cells_PB302,0.1720049408106874,0.2029434546435414,0.1629557645720612,0.46209583997370995
NK cells_PB303,0.16255625426372516,0.16651871573792756,0.48669459491089395,0.18423043508745335
B cells_PB304,0.5532101825345398,0.14698479917315527,0.17384942213547783,0.12595559615682722
Monocytes_PB305,0.13691391563996338,0.5867370454000194,0.16505747502738452,0.11129156393263263
B cells_PB306,0.7901463920402311,0.060884480603518726,0.06873354097116526,0.08023558638508518
NK cells_PB307,0.14919739684186875,0.19858034374621178,0.4490649430850383,0.20315731632688125
Monocytes_PB308,0.2442424501238255,0.3149298628322959,0.2405513190368569,0.20027636800702167
NK cells_PB309,0.08402937520540772,0.11964150044238288,0.6958329468231018,0.10049617752910764
Monocytes_PB310,0.24396303804770827,0.2895088473087002,0.21600735590276385,0.2505207587408277
B cells_PB311,0.40494658768817327,0.192019013112167,0.19403282187588197,0.2090015773237778
B cells_PB312,0.15924391404628893,0.28278468002988727,0.28514591926960375,0.27282548665421996
NK cells_PB313,0.2843569737495993,0.3012094233479904,0.12966050188195946,0.28477310102045095
B cells_PB314,0.7652735186247618,0.059808297574424914,0.11148370198312578,0.06343448181768764
Monocytes_PB315,0.06994451225575771,0.7168745859260938,0.07893965946205359,0.13424124235609508
T cells_PB316,0.14001709286087904,0.15894831131508175,0.13535440531953272,0.5656801905045065
NK cells_PB317,0.15534944481867297,0.19323337562246334,0.3934794420826314,0.2579377374762322
NK cells_PB318,0.24210483821220452,0.2528755473047173,0.2104156071451337,0.2946040073379445
B cells_PB319,0.20942889171455395,0.253820829118199,0.30947014078106244,0.22728013838618455
NK cells_PB320,0.24705241956639717,0.17596016563095607,0.34151870304869764,0.23546871175394912
NK cells_PB321,0.20705579495317147,0.1816063488767649,0.4680038542875783,0.14333400188248538
Monocytes_PB322,0.12413057468058165,0.5805047739108327,0.1636598300221685,0.13170482138641718
B cells_PB323,0.5547309318098897,0.12054448995671412,0.14963169502290252,0.17509288321049374
B cells_PB324,0.29015854111390094,0.2665323953646868,0.20661766571482892,0.23669139780658338
NK cells_PB325,0.10507390564226332,0.07086720844490303,0.7822602717211424,0.04179861419169133
Monocytes_PB326,0.13952502862843028,0.6275682347957565,0.11172165209064862,0.1211850844851645
B cells_PB327,0.5035018979556607,0.13496696589230356,0.19316970221034876,0.168361433941687
Monocytes_PB328,0.1454837403220658,0.5277732434250406,0.13245033405079623,0.19429268220209736
B cells_PB329,0.4159361737684012,0.22686510596280007,0.21358041373580078,0.14361830653299798
NK cells_PB330,0.23874211578707,0.2738931891053128,0.24451913159793956,0.2428455635096777
T cells_PB331,0.24899660539676785,0.18083299581875084,0.25411668704428453,0.3160537117401967
T cells_PB332,0.14646963902707963,0.13036698760928192,0.08218902741320952,0.640974345950429
NK cells_PB333,0.27697927337327327,0.2756114105502325,0.0637538171247113,0.38365549895178286
B cells_PB334,0.16859833895612877,0.2742895232385115,0.2496337685304154,0.30747836927494443
NK cells_PB335,0.36093880495612013,0.24541983631398873,0.1293987518446835,0.2642426068852076
T cells_PB336,0.30267599449382243,0.27335987573362924,0.30260037259084777,0.12136375718170055
Monocytes_PB337,0.11158149143907016,0.6875535840472015,0.09282591068138188,0.10803901383234636
NK cells_PB338,0.12575644218089485,0.14939460266524401,0.5919265670032899,0.13292238815057128
B cells_PB339,0.4257689439509999,0.18183815392194025,0.19930825279122247,0.1930846493358373
NK cells_PB340,0.2714462191923906,0.30866540573629647,0.19624704521741523,0.22364132985389765
T cells_PB341,0.22006266656718773,0.1700060676079689,0.16675984850414105,0.4431714173207023
Monocytes_PB342,0.2059580664577772,0.4565378597821807,0.1450029280563036,0.19250114570373852
NK cells_PB343,0.29400769370186297,0.2117305768396257,0.23271962588994782,0.2615421035685635
T cells_PB344,0.17816180576874097,0.2328606523715318,0.1544874838840152,0.43449005797571216
B cells_PB345,0.38106544154962363,0.1742550983109612,0.21602527408473743,0.22865418605467772
T cells_PB346,0.1718865967314233,0.1458700271239618,0.13663170636046199,0.5456116697841529
NK cells_PB347,0.19863327953967358,0.1401251873820245,0.5693908845130967,0.09185064856520508
NK cells_PB348,0.2551073859011975,0.30377655577143936,0.11407778688011365,0.32703827144724934
T cells_PB349,0.18881013296697471,0.2002795072561534,0.24625147464698763,0.3646588851298843
NK cells_PB350,0.17233576135757323,0.17326483922179478,0.5234472525573884,0.1309521468632435
Monocytes_PB351,0.18914210810780116,0.42707716499926046,0.2355445216273688,0.14823620526556958
T cells_PB352,0.1074097752851834,0.08229087664001135,0.08902504654365416,0.7212743015311511
Monocytes_PB353,0.17980346448137213,0.5535525134975297,0.13058993810463218,0.13605408391646595
Monocytes_PB354,0.30036535405937453,0.2225084275695426,0.17472694409498532,0.3023992742760977
Monocytes_PB355,0.28536813113862897,0.1432920157270604,0.2635525616772023,0.30778729145710826
NK cells_PB356,0.1743750356128507,0.1366932191840754,0.5556557943260503,0.1332759508770236
Monocytes_PB357,0.2925787895392428,0.12440123947146198,0.3363338991461456,0.24668607184314958
Monocytes_PB358,0.17392544951223446,0.5104239761026554,0.1580326527578805,0.15761792162722976
T cells_PB359,0.0858221535220031,0.09741806207310096,0.09775308002264597,0.7190067043822499
T cells_PB360,0.17588754914099522,0.18057551312616954,0.16035957392775632,0.4831773638050789
NK cells_PB361,0.17752622409696006,0.22248832229088358,0.3761431805620014,0.22384227305015506
B cells_PB362,0.5253996830893679,0.14417156897960848,0.1464053566929468,0.18402339123807682
Monocytes_PB363,0.204178677268749,0.39815635481795486,0.19705598974379354,0.20060897816950252
NK cells_PB364,0.18908783319430406,0.17506208260151293,0.4896126315067466,0.14623745269743638
Monocytes_PB365,0.09906218480166856,0.7533036294276441,0.07954216604328108,0.06809201972740608
T cells_PB366,0.21971853698840063,0.18731827339371823,0.22101980699308107,0.37194338262480015
T cells_PB367,0.10563650972329064,0.06494428336453122,0.07828590413334693,0.7511333027788312
T cells_PB368,0.07765990910810693,0.0957105485640779,0.07957013486423627,0.747059407463579
B cells_PB369,0.25627922884220933,0.24713175424164222,0.2348401291017064,0.26174888781444194
T cells_PB370,0.2633235623755294,0.2374742770165764,0.3368945698926874,0.1623075907152069
Monocytes_PB371,0.24859134093771687,0.16883915286054374,0.30052825913728426,0.2820412470644551
NK cells_PB372,0.32013743056209154,0.28896538911247166,0.1299501731076877,0.26094700721774916
T cells_PB373,0.3078350137811747,0.25738709039285335,0.29155816107882465,0.14321973474714728
Monocytes_PB374,0.1423202258588942,0.5839909827716946,0.10359543362040242,0.17009335774900888
Monocytes_PB375,0.30515824271137576,0.13246652734566253,0.30833325926149086,0.25404197068147083
B cells_PB376,0.34697115286738384,0.19845585111981248,0.24268324635278377,0.21188974966001997
NK cells_PB377,0.11961539846509976,0.0868731838334715,0.7037265168967322,0.08978490080469644
Monocytes_PB378,0.3147770032598243,0.10283571608339571,0.31313047095118085,0.2692568097055993
T cells_PB379,0.13866321213991817,0.11178296288999315,0.08048894981992007,0.6690648751501687
B cells_PB380,0.31311891277645154,0.2469265989706915,0.25426622351936207,0.18568826473349487
B cells_PB381,0.14483289767740776,0.30280170485801444,0.2584556825400646,0.29390971492451323
T cells_PB382,0.08631597887464106,0.15650953629301312,0.20530599572244612,0.5518684891098996
T cells_PB383,0.14248856608605492,0.15284381101870276,0.1971692542326277,0.5074983686626146
Monocytes_PB384,0.08992613410595925,0.702962532960109,0.11618378338375066,0.0909275495501811
T cells_PB385,0.17999182944231806,0.1257478839227368,0.0760812264707758,0.6181790601641693
T cells_PB386,0.1305879458071627,0.1222022402233034,0.07382230115119115,0.6733875128183426
B cells_PB387,0.283211164647334,0.18376988790208476,0.27824246343641995,0.2547764840141612
Monocytes_PB388,0.2420292776405236,0.23034790498581198,0.2394267124689246,0.28819610490473996
NK cells_PB389,0.14436656300916506,0.1188453480496575,0.6113884383239198,0.12539965061725777
B cells_PB390,0.6632590021336411,0.08567565533402716,0.18218778484685189,0.06887755768547994
NK cells_PB391,0.059075480282063574,0.06673698748597909,0.8018269666468534,0.072360565585104
NK cells_PB392,0.14477011436140383,0.2200475219108209,0.3628691066934779,0.2723132570342973
NK cells_PB393,0.2401158941745174,0.22216116383640966,0.3439545783289798,0.19376836366009306
Monocytes_PB394,0.11488120050032183,0.6566200364471716,0.11829647715020637,0.11020228590230004
NK cells_PB395,0.21122404261337782,0.24029129232187135,0.3474870045759277,0.2009976604888232
B cells_PB396,0.7627303726253325,0.07431753464667398,0.09694780759339738,0.0660042851345962
NK cells_PB397,0.1038227678424923,0.09923272830855877,0.7010055036985715,0.09593900015037737
T cells_PB398,0.177824784120256,0.20624517324017808,0.229770680103082,0.3861593625364839
NK cells_PB399,0.1318392432998916,0.08349522719609115,0.6514564059194738,0.13320912358454332
Monocytes_PB400,0.10128975732550842,0.6269623877117594,0.11516478588052831,0.15658306908220393
B cells_PB401,0.19837870701175753,0.28517692569355124,0.24041410136421795,0.27603026593047336
NK cells_PB402,0.08184794281820777,0.08659085423413206,0.6969180835940747,0.13464311935358542
T cells_PB403,0.18877448128384747,0.2169215517359287,0.12722246246750132,0.46708150451272257
Monocytes_PB404,0.124653229646134,0.6740525635210781,0.14437630709624194,0.05691789973654597
NK cells_PB405,0.22573773957487062,0.22130995838877734,0.3410357814271805,0.2119165206091715
Monocytes_PB406,0.09886393544381138,0.7267426209878757,0.0854067845259253,0.0889866590423877
Monocytes_PB407,0.21169313101267154,0.37934941044873793,0.17758238101741802,0.23137507752117242
T cells_PB408,0.2880340254787586,0.2915496694802127,0.33303449101027477,0.08738181403075379
B cells_PB409,0.7270505354715516,0.09994851896389827,0.06850572403719647,0.10449522152735355
Monocytes_PB410,0.21219242985605952,0.16273892072388726,0.30000109143069037,0.32506755798936277
B cells_PB411,0.34457987380279453,0.2419518521999193,0.22312244969226952,0.19034582430501656
Monocytes_PB412,0.04967072788228277,0.7826412421730133,0.0836016868812683,0.08408634306343564
Monocytes_PB413,0.04704836218222353,0.7730262099117822,0.10064292946621493,0.07928249843977947
Monocytes_PB414,0.1678052610987788,0.4926740292831079,0.19281136391384682,0.1467093457042664
B cells_PB415,0.5399094308511392,0.13550218201315772,0.18181647977585394,0.1427719073598491
T cells_PB416,0.19396144805076027,0.2264762442913221,0.16039996708503768,0.4191623405728801
NK cells_PB417,0.24740917302747611,0.25722609679083797,0.3072212963534046,0.1881434338282813
Monocytes_PB418,0.21910719612177404,0.3359685785605508,0.24843513025445854,0.19648909506321663
NK cells_PB419,0.1579707072230204,0.12354775563872934,0.5696537957633322,0.14882774137491817
Monocytes_PB420,0.13051561662327454,0.6027373976701649,0.13829787313044517,0.12844911257611552
T cells_PB421,0.10665076129925427,0.10898396781307113,0.126758369991991,0.6576069008956836
T cells_PB422,0.09984313141568876,0.12700363533981962,0.08335962868420221,0.6897936045602894
B cells_PB423,0.1791788656753717,0.30466996309669053,0.2394579198995028,0.2766932513284351
NK cells_PB424,0.1634793134116623,0.19662142809237876,0.4637097233206476,0.17618953517531144
T cells_PB425,0.29529534562415893,0.26334154653121367,0.32986325629996827,0.1114998515446591
T cells_PB426,0.11223504034780321,0.18548380762782474,0.2072490801480662,0.4950320718763058
Monocytes_PB427,0.21876100222338934,0.39006358275229813,0.21381271403732077,0.17736270098699158
B cells_PB428,0.719664145932374,0.08411931342310806,0.12093949640676432,0.07527704423775353
B cells_PB429,0.3366597878741618,0.19225380216663523,0.2816389923335655,0.18944741762563763
T cells_PB430,0.2693904167150714,0.27243882394111946,0.2827968698552353,0.17537388948857371
