,B cells,Monocytes,NK cells,T cells
T cells_PB1,0.09156640185399591,0.3138457121484172,0.24432719141958514,0.3502606945780018
B cells_PB2,0.7605212904718591,0.08475383612317049,0.08578844525981631,0.0689364281451541
T cells_PB3,0.042806101292185615,0.18636935810772134,0.14722733850225606,0.6235972020978371
Monocytes_PB4,0.007273629657278827,0.6409886830633834,0.19648153614743022,0.15525615113190755
T cells_PB5,0.16127762607879173,0.28018219748162027,0.324278812215231,0.23426136422435695
T cells_PB6,0.14327240122461604,0.31271116774914476,0.3605159620363671,0.18350046898987202
Monocytes_PB7,0.2106218146268145,0.15817837551044542,0.3503312000771491,0.28086860978559103
T cells_PB8,0.010889861031295963,0.12592361272918853,0.14241772424498386,0.7207688019945316
Monocytes_PB9,0.07545373032530621,0.620396107214732,0.15360517337143872,0.1505449890885229
B cells_PB10,0.5814095849428622,0.18471012298141246,0.12221540400161668,0.11166488807410875
NK cells_PB11,0.2766575212005823,0.340887388028984,0.10779246014782264,0.27466263062261104
NK cells_PB12,0.02180204600197105,0.09467871216099129,0.7530849911094013,0.13043425072763626
NK cells_PB13,0.02106028956760266,0.15991520934587244,0.6757653367397739,0.14325916434675098
Monocytes_PB14,0.15872761702223348,0.31756829896607125,0.25042045333838686,0.27328363067330846
NK cells_PB15,0.14334486284292092,0.3106514101769525,0.3157757966661802,0.23022793031394648
B cells_PB16,0.13257868869117892,0.25671900215127624,0.39035614533917407,0.22034616381837074
NK cells_PB17,0.1206781748120612,0.29388509721852796,0.3498450064106499,0.2355917215587609
Monocytes_PB18,0.0,0.578472440878842,0.19654662402369324,0.2249809350974647
B cells_PB19,0.28126289861364934,0.2967084530974512,0.25934247622315454,0.1626861720657449
NK cells_PB20,0.11799997349182344,0.28760052180641793,0.3477332879839407,0.24666621671781774
B cells_PB21,0.5120533322125556,0.21534621796163347,0.14079066313175342,0.1318097866940575
T cells_PB22,0.19173753234966015,0.3024047662457837,0.31945965051391834,0.18639805089063785
T cells_PB23,0.18068854011236762,0.23724592551370424,0.30377341735546065,0.27829211701846746
Monocytes_PB24,0.06731163120717758,0.4508726903877839,0.26344514133325425,0.21837053707178422
T cells_PB25,0.13521785460274913,0.2384984393250216,0.24194517518083303,0.38433853089139625
T cells_PB26,0.01913321049833079,0.16576330103472856,0.20083505907467147,0.6142684293922691
NK cells_PB27,0.11939794443776544,0.2626451858124755,0.3314557809352148,0.2865010888145444
Monocytes_PB28,0.007693166193120375,0.5620374587872549,0.2641283052094489,0.16614106981017593
Monocytes_PB29,0.047950645658392084,0.6088576885275655,0.18223604217398542,0.1609556236400569
Monocytes_PB30,0.17918249466471928,0.1615775782175865,0.3842850977232797,0.2749548293944145
NK cells_PB31,0.02470065893466481,0.2217323080282566,0.5314513267114488,0.22211570632562985
T cells_PB32,0.11932837051088019,0.37114427316793647,0.27559960636582365,0.23392774995535973
T cells_PB33,0.1606765522200293,0.3800874279812992,0.2886351692436899,0.17060085055498148
T cells_PB34,0.018457270828684088,0.05276543731743567,0.16276014069729322,0.7660171511565871
T cells_PB35,0.023779243767518318,0.08466699614531213,0.13034095369321402,0.7612128063939555
B cells_PB36,0.6000722151325277,0.14371071309493216,0.17321662277331085,0.08300044899922933
NK cells_PB37,0.1709812100080828,0.2380186951224339,0.3604183774453962,0.23058171742408712
Monocytes_PB38,0.16724996731003255,0.2079669369495055,0.36222693842383785,0.26255615731662413
B cells_PB39,0.5628404536459789,0.1169767380179357,0.18312943469078813,0.1370533736452974
B cells_PB40,0.3201125570780178,0.2566833272402925,0.29368839440161726,0.12951572128007247
NK cells_PB41,0.14310021884920435,0.32729471233320473,0.25517804489885043,0.27442702391874046
Monocytes_PB42,0.11823243435193562,0.5454194672375174,0.16194398326015091,0.174404115150396
NK cells_PB43,0.19773948326119462,0.4052193693292105,0.1527660114293421,0.24427513598025288
B cells_PB44,0.688255344550156,0.06792896630042751,0.1554915790727989,0.08832411007661746
B cells_PB45,0.16244473723833272,0.3086701149823688,0.32449697295507557,0.20438817482422297
NK cells_PB46,0.0641976489982374,0.18112972764163415,0.5609817769219638,0.19369084643816456
T cells_PB47,0.1303879173066965,0.26086535470740746,0.32277169421815977,0.2859750337677364
Monocytes_PB48,0.029286248720716692,0.5493308839654591,0.26995907160280247,0.15142379571102174
B cells_PB49,0.4247647289834615,0.187006162564823,0.27770237992996266,0.11052672852175277
B cells_PB50,0.09871327204019383,0.32988493349056774,0.313764292008567,0.2576375024606714
NK cells_PB51,0.011988240563899397,0.09017097055226397,0.7727590431914653,0.1250817456923714
T cells_PB52,0.027688287593483372,0.19069894811554436,0.16566467611393212,0.6159480881770402
B cells_PB53,0.7143370532411307,0.05666745059582198,0.15715620159702487,0.07183929456602242
T cells_PB54,0.03758702936037593,0.1385584815423142,0.08048568305340831,0.7433688060439017
Monocytes_PB55,0.018068587274807986,0.635448256592235,0.12841845073601516,0.21806470539694178
NK cells_PB56,0.019527707190047316,0.1142846834519736,0.7473372004852589,0.11885040887272026
B cells_PB57,0.02012043295813658,0.3371838077034079,0.34812041307565295,0.2945753462628026
T cells_PB58,0.15039679498393665,0.3094863209617661,0.2980452730608063,0.24207161099349095
NK cells_PB59,0.20060498856239875,0.32656349608242186,0.18774447241777165,0.2850870429374078
B cells_PB60,0.2039309962591265,0.3034491035062653,0.3100901060743269,0.18252979416028128
B cells_PB61,0.30991487228207687,0.26045268464273214,0.22770930291201763,0.20192314016317323
NK cells_PB62,0.083551228627803,0.35372345402671435,0.3510759380218593,0.21164937932362338
Monocytes_PB63,0.028045995485464468,0.7798552142461936,0.11493623561912945,0.07716255464921228
T cells_PB64,0.09791967536761698,0.3171816129215109,0.28267869350054853,0.3022200182103235
Monocytes_PB65,0.10588904706738574,0.36275158935495283,0.27933124066408105,0.25202812291358034
B cells_PB66,0.4060027509391679,0.1878695483547364,0.2632339248118461,0.14289377589424973
T cells_PB67,0.11936406094747432,0.3663505987889526,0.3309527988598133,0.18333254140375987
NK cells_PB68,0.03168236128614776,0.13147178621972405,0.6262989689899017,0.2105468835042265
T cells_PB69,0.20122138202705794,0.2835486664676744,0.3553004056304992,0.15992954587476846
T cells_PB70,0.027319256377991652,0.07014480830163197,0.09629214842459351,0.8062437868957829
Monocytes_PB71,0.007936367668972703,0.7271389406321127,0.17691566271568607,0.08800902898322849
NK cells_PB72,0.13433142256213956,0.28662049768819725,0.29536138051314426,0.28368669923651907
T cells_PB73,0.14626491962928395,0.3927070086774077,0.36252417602697623,0.09850389566633216
Monocytes_PB74,0.016724914908731958,0.7624327969892951,0.09627724224068941,0.12456504586128336
Monocytes_PB75,0.010360348162733717,0.6947783675917305,0.12658782485955322,0.16827345938598254
NK cells_PB76,0.01847790259270143,0.17202550293079139,0.6143028635476929,0.19519373092881426
T cells_PB77,0.021635879181747645,0.1471899481192714,0.19627541401504758,0.6348987586839334
NK cells_PB78,0.1941658508607579,0.3670843754358577,0.1945514400841771,0.24419833361920731
T cells_PB79,0.1132026574120164,0.24486058341285719,0.3158277963164526,0.32610896285867375
T cells_PB80,0.15306054207644246,0.3351482483506678,0.3546123521720688,0.15717885740082083
B cells_PB81,0.6744723585648248,0.1163775401373069,0.12653314145302752,0.08261695984484084
B cells_PB82,0.4854684153050864,0.13398865590782702,0.2750229022590757,0.10552002652801083
B cells_PB83,0.21348799136873894,0.31012224108424313,0.28530270612831377,0.19108706141870418
B cells_PB84,0.0,0.3868198728623003,0.3388523212355984,0.2743278059021013
B cells_PB85,0.20943953572934534,0.2770657677372507,0.305115495272775,0.208379201260629
NK cells_PB86,0.09204745959305308,0.31726429815111545,0.3691666997915408,0.22152154246429062
NK cells_PB87,0.02866633399830187,0.16548766151666092,0.6075968015930683,0.19824920289196896
Monocytes_PB88,0.0024865562944502736,0.6579943510813364,0.1660184393863604,0.17350065323785288
Monocytes_PB89,0.022114364611653746,0.7929570545720539,0.11077461169549546,0.07415396912079701
T cells_PB90,0.12157094945103959,0.2607427895598991,0.19423449496631992,0.42345176602274154
B cells_PB91,0.03851741022422176,0.35121612687211395,0.31620875709354945,0.2940577058101149
T cells_PB92,0.060050144318347695,0.22766192091193274,0.1296850500955043,0.5826028846742153
NK cells_PB93,0.009771192417993034,0.1823327543938946,0.6310487665229797,0.17684728666513255
B cells_PB94,0.4436838833477702,0.18618180015678007,0.2515562300898411,0.11857808640560859
Monocytes_PB95,0.0,0.7292397620134011,0.13573301384762398,0.13502722413897486
NK cells_PB96,0.08669392398525282,0.24252394778227498,0.4657590139578273,0.20502311427464495
T cells_PB97,0.10263810681819908,0.23394713504961084,0.2725414720538059,0.3908732860783842
B cells_PB98,0.326012002117478,0.23538680095814687,0.25992367335018135,0.17867752357419361
B cells_PB99,0.0,0.3702737603349724,0.3524029013217097,0.2773233383433179
B cells_PB100,0.00435449761818322,0.3830696739079912,0.3746925479018901,0.23788328057193556
Monocytes_PB101,0.20532506418280366,0.1543122816871707,0.3806120066109428,0.2597506475190828
B cells_PB102,0.48828868437880274,0.17364572018492924,0.2463389957357659,0.09172659970050215
NK cells_PB103,0.10268563278013382,0.309869205675111,0.36439752445341,0.22304763709134529
NK cells_PB104,0.0270284311133388,0.24403184045089077,0.4954825686978843,0.23345715973788606
Monocytes_PB105,0.018033055525001715,0.8148786275094452,0.10490059046342536,0.06218772650212774
B cells_PB106,0.18656678510772953,0.31389520094911966,0.3005917100957228,0.198946303847428
NK cells_PB107,0.13466364036723677,0.2551272356238494,0.43051425519028025,0.1796948688186335
Monocytes_PB108,0.0,0.7298531814540327,0.1331446854511188,0.13700213309484852
T cells_PB109,0.15502443182902007,0.31623514112526646,0.26210070480503683,0.2666397222406766
B cells_PB110,0.028874311770416893,0.34148207984389245,0.32960044024879426,0.30004316813689635
NK cells_PB111,0.09027902771236043,0.3094371333594314,0.36424841932223695,0.23603541960597121
NK cells_PB112,0.1663679892874136,0.3710748737131178,0.25287137842285046,0.20968575857661828
Monocytes_PB113,0.026907258901264355,0.8514843139957751,0.03335658254693696,0.08825184455602363
B cells_PB114,0.6302653052077766,0.09583615906438331,0.17245910713316248,0.10143942859467757
T cells_PB115,0.009879682342877744,0.2314172188107469,0.2587440807243712,0.49995901812200416
T cells_PB116,0.012809332130189347,0.12103399527751409,0.16972326847756022,0.6964334041147363
NK cells_PB117,0.023020904106187113,0.10816556001535994,0.6742695938902675,0.19454394198818548
T cells_PB118,0.14334065783229172,0.3468575367128959,0.2920511766532137,0.21775062880159882
T cells_PB119,0.032293751853856884,0.09833816422534425,0.14874667297388158,0.7206214109469175
Monocytes_PB120,0.0005657716315253058,0.560520336323339,0.2908465015254856,0.14806739051965007
NK cells_PB121,0.026298602263417133,0.14765778608610425,0.6363994530486666,0.1896441586018121
Monocytes_PB122,0.004205511290455168,0.8096062505423446,0.1121950921560616,0.07399314601113866
T cells_PB123,0.13792551211289927,0.31421111644942035,0.25721314155418445,0.2906502298834958
Monocytes_PB124,0.15975348231241376,0.22370943981236982,0.3560891886710409,0.26044788920417544
NK cells_PB125,0.09682625985176421,0.3261110835749642,0.33163746669016575,0.2454251898831059
Monocytes_PB126,0.030361554292459517,0.5023241989130784,0.2624220665439997,0.20489218025046224
B cells_PB127,0.6241534872253268,0.11561667133617753,0.1738479566848105,0.08638188475368512
NK cells_PB128,0.01941576992633473,0.12323215430634894,0.7271417877106223,0.13021028805669405
T cells_PB129,0.17857122862211083,0.34185977704616066,0.3543785374271429,0.12519045690458558
NK cells_PB130,0.02876225725758428,0.24604418726269442,0.483900586174703,0.2412929693050183
Monocytes_PB131,0.033855384869255094,0.49353873001961684,0.2625418355590982,0.21006404955202992
Monocytes_PB132,0.14049915726802514,0.3275503430571782,0.285904906985888,0.24604559268890866
Monocytes_PB133,0.17540701481210008,0.2282311209178899,0.34822754086470153,0.24813432340530844
NK cells_PB134,0.1485237210017668,0.2563924918353527,0.407165803926601,0.18791798323627945
B cells_PB135,0.7589029702390522,0.06736270426127403,0.0923221155272554,0.0814122099724185
T cells_PB136,0.14259049115110115,0.26805710686989753,0.3040139211833867,0.2853384807956147
T cells_PB137,0.06972274683102972,0.22013234096737128,0.26399641270325197,0.44614849949834695
B cells_PB138,0.5467879457795929,0.14413741665165072,0.215734145586102,0.09334049198265443
T cells_PB139,0.10289468024878297,0.2511955283386834,0.35257948605632466,0.2933303053562091
NK cells_PB140,0.012706728176104302,0.09462613542034465,0.7564200375872011,0.13624709881634986
NK cells_PB141,0.024177768765599406,0.088021400006328,0.7885656058105839,0.09923522541748865
NK cells_PB142,0.10226559840796759,0.3289051928945778,0.34598994965905366,0.22283925903840093
T cells_PB143,0.11018668667530027,0.20200122234453619,0.28248514604570985,0.4053269449344537
NK cells_PB144,0.06854422380657653,0.34669284640386544,0.366462910622055,0.21830001916750302
NK cells_PB145,0.09670845447475701,0.3103703718477125,0.36823186321198614,0.22468931046554436
NK cells_PB146,0.18363492182162705,0.3909592229752326,0.15109989872295404,0.27430595648018635
B cells_PB147,0.5172840939692821,0.13307571106847293,0.20405151700125715,0.1455886779609879
Monocytes_PB148,0.006211588732861047,0.5599292341632367,0.24427006896159262,0.18958910814230961
T cells_PB149,0.22738568034133577,0.3152950765162172,0.31755300957300575,0.1397662335694414
B cells_PB150,0.1710652479182608,0.33042248625643816,0.2879524684677255,0.21055979735757557
T cells_PB151,0.014439792745011146,0.10881127985096754,0.16019086150776307,0.7165580658962583
T cells_PB152,0.1368660915544237,0.2917378852165687,0.33295953523214283,0.23843648799686482
Monocytes_PB153,0.18741651006661192,0.24290245687279682,0.3244438515396832,0.24523718152090804
NK cells_PB154,0.1284288607678543,0.21483141268256079,0.4897184984693419,0.167021228080243
T cells_PB155,0.005375808696064694,0.09544539102937416,0.11882268653812741,0.7803561137364337
B cells_PB156,0.17490915876584495,0.3048548826922757,0.3007244557090077,0.2195115028328717
Monocytes_PB157,0.004938568769564668,0.6632272130575826,0.213168503024906,0.1186657151479468
NK cells_PB158,0.05376575065775334,0.1309397108313735,0.6262143565163394,0.1890801819945337
B cells_PB159,0.18940734238990603,0.27529081345788353,0.2862805855601206,0.2490212585920899
T cells_PB160,0.024726336723491546,0.1769448784911548,0.20037417286816217,0.5979546119171915
T cells_PB161,0.14505231113965225,0.2999073665899502,0.2650124845147545,0.290027837755643
T cells_PB162,0.069945541261108,0.19167216967682116,0.21414486750057357,0.5242374215614972
NK cells_PB163,0.020554777034068217,0.24468084315981006,0.5371956020943576,0.197568777711764
B cells_PB164,0.4102177413235206,0.21973437243568603,0.24067854796174815,0.1293693382790453
NK cells_PB165,0.17757997139842344,0.40177650646542606,0.20085366283435344,0.21978985930179717
B cells_PB166,0.6556135256520688,0.09074751209858002,0.1429259516786127,0.11071301057073855
Monocytes_PB167,0.12148695289126218,0.3923396239131861,0.27699017897999334,0.20918324421555845
Monocytes_PB168,0.1691774028964794,0.286869481633755,0.3538727329533895,0.1900803825163762
NK cells_PB169,0.17104347565807695,0.3495034601906854,0.1762389429137446,0.30321412123749314
NK cells_PB170,0.022783568493103895,0.23078268949779412,0.539037513846398,0.20739622816270406
B cells_PB171,0.523873683486497,0.1690691522379774,0.2308242601310934,0.07623290414443223
Monocytes_PB172,0.22728082771805938,0.13971189435543233,0.33788368207825964,0.2951235958482487
B cells_PB173,0.3941982683549858,0.22926309974705505,0.23347138773675302,0.1430672441612062
T cells_PB174,0.1525855901173882,0.3014339372504777,0.3174046437162827,0.2285758289158514
NK cells_PB175,0.0684453746961826,0.1820129287741783,0.5489770364239048,0.2005646601057344
NK cells_PB176,0.1603846392754717,0.31517939895759295,0.28965996708413877,0.23477599468279672
T cells_PB177,0.07763172366712713,0.19722394931666368,0.17189950082433736,0.5532448261918719
NK cells_PB178,0.13694424311617212,0.2378479945834867,0.419879542519402,0.2053282197809391
Monocytes_PB179,0.024116191010448432,0.8566742730462683,0.07755874902581689,0.041650786917466494
Monocytes_PB180,0.22962987235068627,0.22932449010339248,0.3083928551458551,0.23265278240006598
Monocytes_PB181,0.1288888798013338,0.4059791194629677,0.2913492695157721,0.17378273121992635
T cells_PB182,0.15447986688282198,0.32928318750842317,0.31134823726818617,0.20488870834056852
Monocytes_PB183,0.009196674498684061,0.8416248770566096,0.07949255916749923,0.06968588927720713
B cells_PB184,0.6715965924091147,0.09365564027951956,0.1415948164421806,0.09315295086918511
NK cells_PB185,0.10386230164413976,0.306632008572906,0.36512210879959384,0.22438358098336042
NK cells_PB186,0.08085456110586145,0.17525018711597176,0.5415255711529657,0.20236968062520108
T cells_PB187,0.02456460528844189,0.12614729922681064,0.18545847180477906,0.6638296236799685
NK cells_PB188,0.06248355925706918,0.21888225209509762,0.4907111875864661,0.22792300106136723
Monocytes_PB189,0.08583915822122885,0.5897212858342502,0.16071815987775348,0.16372139606676736
T cells_PB190,0.13400094439543572,0.29063079708150125,0.331422328681806,0.24394592984125707
T cells_PB191,0.15406676738008956,0.38148820222218555,0.29432057581141136,0.1701244545863134
NK cells_PB192,0.021684623514205893,0.09980442897475003,0.7261507623200447,0.15236018519099934
T cells_PB193,0.038067180297587,0.11255036631280477,0.1031479570739346,0.7462344963156735
Monocytes_PB194,0.007327508184736853,0.6382384757223927,0.19742130765267554,0.15701270844019483
Monocytes_PB195,0.09336637206461064,0.42631761473326785,0.2755319988259359,0.20478401437618576
T cells_PB196,0.10912487116418025,0.2799625241670587,0.28918746275699475,0.32172514191176627
T cells_PB197,0.02087732291088809,0.15907720099234174,0.2384903845996176,0.5815550914971527
T cells_PB198,0.021762981529487548,0.14287557339964677,0.12822770478605414,0.7071337402848116
Monocytes_PB199,0.017728336586671816,0.8239420332086981,0.08558087836412132,0.07274875184050862
Monocytes_PB200,0.01313016640972732,0.7404457913739786,0.0920199422528648,0.1544040999634293
T cells_PB201,0.11567369934468277,0.1520139829477351,0.21976705822495773,0.5125452594826243
NK cells_PB202,0.18406480876888273,0.3505726398815686,0.22908344435147848,0.23627910699807017
T cells_PB203,0.10664139876764699,0.32949837638703355,0.3289020629477764,0.23495816189754298
T cells_PB204,0.01938087722359977,0.09310118823664816,0.15010124017889084,0.7374166943608612
NK cells_PB205,0.10761420171375703,0.18604607635588047,0.5073849280127132,0.19895479391764934
T cells_PB206,0.1416819512973591,0.35465875380111733,0.3627887697267459,0.14087052517477763
Monocytes_PB207,0.21140302780710346,0.20899213040869077,0.3134383301723197,0.26616651161188604
T cells_PB208,0.05139630221292264,0.18469372954136418,0.22511973297039828,0.5387902352753148
T cells_PB209,0.21086487494215628,0.3424851360202277,0.31980931152976727,0.12684067750784886
T cells_PB210,0.11394057208034275,0.37698249686695795,0.2806381255769802,0.22843880547571904
B cells_PB211,0.4309930546820443,0.2104263780651232,0.20514935812803659,0.15343120912479596
T cells_PB212,0.1046482729663909,0.2071119211513311,0.08987221884835869,0.5983675870339195
B cells_PB213,0.47988551649929984,0.1798946983735469,0.23053573061308755,0.10968405451406567
T cells_PB214,0.11835001655560272,0.29400951437710265,0.32182286526548104,0.2658176038018137
B cells_PB215,0.5686280270855458,0.14997558066548164,0.16646016269878083,0.11493622955019166
NK cells_PB216,0.14748269613023057,0.3411976228677826,0.2681566170794215,0.24316306392256537
Monocytes_PB217,0.08892675411151685,0.4110212739992002,0.30766150410774995,0.19239046778153304
NK cells_PB218,0.01382990095029323,0.19238375945242966,0.6422839918813655,0.1515023477159116
B cells_PB219,0.5033485443663168,0.18929539420953848,0.19591814599172813,0.11143791543241652
Monocytes_PB220,0.018548761472510684,0.7872181828230035,0.09955597398410336,0.09467708172038256
Monocytes_PB221,0.003132477236872224,0.632855795421291,0.21914248758853672,0.14486923975330013
T cells_PB222,0.06238314001050675,0.2261685979352578,0.22038143435805982,0.49106682769617555
T cells_PB223,0.167242530711906,0.3799139821738879,0.31473657841683467,0.13810690869737155
Monocytes_PB224,0.08164918422119574,0.4443764202912628,0.2741535543674169,0.19982084112012455
B cells_PB225,0.1738601392802252,0.31750000931385064,0.2886676787386539,0.2199721726672702
B cells_PB226,0.174692417381773,0.2958391429336131,0.30866819656226074,0.22080024312235308
NK cells_PB227,0.011903988627775475,0.0903451181830722,0.769736881227875,0.1280140119612774
T cells_PB228,0.08032558027373031,0.26707821903412443,0.33072806062228244,0.3218681400698628
T cells_PB229,0.02067509984683456,0.13087696373875413,0.15088605563402865,0.6975618807803826
Monocytes_PB230,0.0,0.6684052460744617,0.16248529816491297,0.16910945576062525
B cells_PB231,0.6131745019804853,0.14898493543356608,0.14965236139810248,0.08818820118784612
B cells_PB232,0.3821013302220324,0.2153081575063899,0.24821304121506835,0.1543774710565094
B cells_PB233,0.4474400333984567,0.2007856026152371,0.23140225078286347,0.12037211320344263
B cells_PB234,0.41256371742849746,0.2058634504523369,0.19078450892404028,0.19078832319512545
T cells_PB235,0.15611777235003685,0.3230271736023028,0.31531373403582064,0.20554132001183964
NK cells_PB236,0.019721774880065216,0.1610617792300761,0.6180669647617429,0.2011494811281156
T cells_PB237,0.0963440952757756,0.331488393258866,0.2965493478855292,0.2756181635798292
T cells_PB238,0.1461752957866195,0.3751874738098293,0.35120043756510483,0.12743679283844633
T cells_PB239,0.06380618798954388,0.21361066228398717,0.21519506696908505,0.5073880827573839
B cells_PB240,0.10682254208512355,0.3252219129912725,0.3592565124006022,0.2086990325230018
B cells_PB241,0.7258679871811234,0.06715789811382868,0.1037183508485305,0.1032557638565173
B cells_PB242,0.7517881420691894,0.0998643827170334,0.10050247710751135,0.04784499810626589
NK cells_PB243,0.011815701661042894,0.10777882641191444,0.7631854156339584,0.11722005629308432
NK cells_PB244,0.11022635343573192,0.26880954587890976,0.38258813674383235,0.23837596394152594
NK cells_PB245,0.16636648455792746,0.42007784414714067,0.15640318191234884,0.2571524893825831
B cells_PB246,0.7212543182040241,0.05946083125730403,0.15389960358015822,0.06538524695851367
Monocytes_PB247,0.0759956555949996,0.4832478070696864,0.280564278898648,0.16019225843666612
Monocytes_PB248,0.009554078454720118,0.8590327997958773,0.06236775956264273,0.06904536218675988
B cells_PB249,0.728928958752428,0.06267904468241525,0.1595462760039267,0.04884572056123006
T cells_PB250,0.036290115086519886,0.12566068081091017,0.14037111209601139,0.6976780920065586
NK cells_PB251,0.12434533374051793,0.26717614338859264,0.3598594905734573,0.24861903229743218
NK cells_PB252,0.10748752681148394,0.2539182664396457,0.43591682764606815,0.20267737910280217
T cells_PB253,0.028197318638051323,0.15097008466295758,0.139989570097756,0.6808430266012352
T cells_PB254,0.11663251421410734,0.3118896557433635,0.29104873359591005,0.280429096446619
NK cells_PB255,0.11627681364466522,0.34983296305425043,0.2861815293464582,0.24770869395462614
NK cells_PB256,0.07796529267181003,0.2062527755119802,0.5052358316681702,0.21054610014803946
T cells_PB257,0.0025348334584437307,0.11926156293012222,0.1233624090894509,0.7548411945219832
Monocytes_PB258,0.008040656778242032,0.6887323324192949,0.14324467214367365,0.1599823386587894
B cells_PB259,0.46773064715116447,0.14672601536253482,0.2674253012182168,0.11811803626808393
Monocytes_PB260,0.19123559464161435,0.21546680816979094,0.3052293833482095,0.2880682138403851
T cells_PB261,0.0567855335473865,0.21867994031013271,0.21848240276704184,0.5060521233754389
T cells_PB262,0.008338737722525608,0.12475133852215381,0.12148433008192389,0.7454255936733968
B cells_PB263,0.10101132825339783,0.31552271431143575,0.33558192245283264,0.24788403498233375
NK cells_PB264,0.1030391198369956,0.2273987497044184,0.5088711480240113,0.1606909824345748
Monocytes_PB265,0.0,0.8035175094293064,0.09770095012156385,0.09878154044912967
T cells_PB266,0.019907608880979314,0.2031851352664533,0.16046671305454707,0.6164405427980203
NK cells_PB267,0.03421088939579356,0.17333011134895498,0.5846268992032706,0.20783210005198077
B cells_PB268,0.5363975674384768,0.1602215544573698,0.21048688321131503,0.09289399489283844
B cells_PB269,0.233307677543622,0.31141585665709703,0.24188464662241213,0.21339181917686884
B cells_PB270,0.22908964096363313,0.25202550831430287,0.26338771820587664,0.2554971325161872
NK cells_PB271,0.011350285136647275,0.15016717406188076,0.6685036712106397,0.1699788695908322
Monocytes_PB272,0.004551504563520433,0.7649859138462465,0.10457557633387647,0.12588700525635657
NK cells_PB273,0.024295922328416195,0.11501545586669691,0.6941834726788979,0.16650514912598893
T cells_PB274,0.02425353499096266,0.09518563694113795,0.13415398151064406,0.7464068465572554
T cells_PB275,0.08855871461663029,0.27025577190571337,0.21976764919277436,0.4214178642848819
T cells_PB276,0.0928499511350893,0.214515803014266,0.2562360160059717,0.436398229844673
Monocytes_PB277,0.011602074140212961,0.7758042979276177,0.09683657039393119,0.11575705753823826
B cells_PB278,0.5021494148774193,0.21365520761884776,0.2056814045836596,0.07851397292007341
B cells_PB279,0.5501290227464343,0.1260372422452565,0.1939651844866938,0.12986855052161544
B cells_PB280,0.6180857472965736,0.13243289001790196,0.18459554675348694,0.0648858159320375
NK cells_PB281,0.011283301890546046,0.10896842909679397,0.7252521483986402,0.15449612061401982
NK cells_PB282,0.08121343943946144,0.282542591925304,0.4167079767165832,0.21953599191865125
T cells_PB283,0.1335253180952763,0.23354461897035467,0.29412968324966543,0.33880037968470356
B cells_PB284,0.03992135084326402,0.35481595198974836,0.3212839517426711,0.2839787454243165
B cells_PB285,0.455144543722326,0.19881905618128076,0.21788242999309967,0.12815397010329352
B cells_PB286,0.0051966421357109395,0.35384491797630785,0.3396521755339814,0.30130626435399993
B cells_PB287,0.35225293646753153,0.17771561776118985,0.28712341778043926,0.1829080279908394
NK cells_PB288,0.0943493927020222,0.22166501054073148,0.4997212288736369,0.18426436788360948
NK cells_PB289,0.04963392182412406,0.33866886073524377,0.34397491942450403,0.2677222980161282
T cells_PB290,0.08255469392761032,0.18792145716436165,0.2491485165764435,0.4803753323315845
NK cells_PB291,0.21157091532931874,0.39164997598223544,0.1536535648617751,0.24312554382667073
T cells_PB292,0.17492566887364816,0.3663781139816397,0.33186165196061534,0.12683456518409658
T cells_PB293,0.05212186667469939,0.1260036534665378,0.16867637173866698,0.6531981081200959
T cells_PB294,0.10565077631075867,0.2645693938556576,0.28710042407169734,0.3426794057618865
Monocytes_PB295,0.1873079743383709,0.23053737572057023,0.3587931404861005,0.22336150945495825
NK cells_PB296,0.03478930626127901,0.21959403660343932,0.5074095838337096,0.238207073301572
Monocytes_PB297,0.0,0.7459442645867331,0.14606133887792935,0.10799439653533754
Monocytes_PB298,0.12426370070447597,0.3269030315137113,0.27876149490998103,0.2700717728718318
NK cells_PB299,0.09375049795121793,0.15602338261687393,0.5502025583873762,0.20002356104453192
NK cells_PB300,0.19819821898570225,0.2964663736189023,0.2067547012430764,0.298580706152319
NK cells_PB301,0.2410498642000944,0.3473792924544945,0.15580891452328494,0.2557619288221261
T cells_PB302,0.08373468856872639,0.26836762096402567,0.22983945941089648,0.4180582310563514
NK cells_PB303,0.07319250595353659,0.20934680196380823,0.5160642787183292,0.20139641336432607
B cells_PB304,0.5046132542736754,0.12998545976691442,0.2719060175251405,0.09349526843426961
Monocytes_PB305,0.003493324713416791,0.7066169329414176,0.16780829052685534,0.12208145181831022
B cells_PB306,0.7708366953617481,0.057175956025089236,0.09268239904275805,0.07930494957040465
NK cells_PB307,0.025166244799446964,0.2454769979730363,0.47532869222907503,0.2540280649984416
Monocytes_PB308,0.11545254403823582,0.40798017723907926,0.3019316004019068,0.17463567832077803
NK cells_PB309,0.013277133400586727,0.166476318094438,0.670690490635645,0.14955605786933035
Monocytes_PB310,0.11051625301150166,0.35149365459747356,0.32307846218289676,0.21491163020812798
B cells_PB311,0.33424130028190396,0.22645527964000406,0.23053986567927212,0.20876355439881988
B cells_PB312,0.01620057747024997,0.3696199984956007,0.3156267396001117,0.29855268443403765
NK cells_PB313,0.1986667057763975,0.3861516249100792,0.1519767965976966,0.2632048727158267
B cells_PB314,0.7326536536652682,0.059163050846518975,0.14112403446505467,0.06705926102315814
Monocytes_PB315,0.0,0.7759087294163447,0.13794761999482016,0.08614365058883508
T cells_PB316,0.06724705594643864,0.22732272800564102,0.1672822556897658,0.5381479603581545
NK cells_PB317,0.07415298109677704,0.26186872520937876,0.4339082064595332,0.23007008723431108
NK cells_PB318,0.10549423151542309,0.3271048300833213,0.30188347922168307,0.2655174591795726
B cells_PB319,0.10574626602552917,0.3347383868099297,0.363516805474815,0.19599854168972622
NK cells_PB320,0.1371163037569867,0.2532465203017071,0.33873393147384767,0.2709032444674586
NK cells_PB321,0.1313138712383914,0.20889638320426937,0.4883960376852206,0.1713937078721186
Monocytes_PB322,0.0,0.6991098113181561,0.14643247437038942,0.15445771431145452
B cells_PB323,0.4987144909610132,0.11713221145747128,0.25037588406468303,0.13377741351683245
B cells_PB324,0.1769726627803386,0.3115022211902965,0.2755311113081319,0.23599400472123286
NK cells_PB325,0.03933360760839524,0.1100978297050417,0.7380920017995292,0.1124765608870339
Monocytes_PB326,0.013643759359639532,0.7027163202321394,0.1716744649461252,0.1119654554620959
B cells_PB327,0.45150216817861666,0.15218391815720309,0.23198610341072887,0.16432781025345136
Monocytes_PB328,0.010232968718974925,0.620401828589533,0.17376853269039935,0.19559667000109285
B cells_PB329,0.3317988370303959,0.269473069529264,0.29355453428000905,0.10517355916033107
NK cells_PB330,0.11171945957327459,0.33459482420417946,0.36004295078966236,0.1936427654328835
T cells_PB331,0.12897961621095586,0.25408710433270765,0.3169163544588138,0.30001692499752275
T cells_PB332,0.08252056323819949,0.16283102529046495,0.1409860079874271,0.6136624034839084
NK cells_PB333,0.2192340374636948,0.3385184288072787,0.09150741692080583,0.3507401168082207
B cells_PB334,0.0721227474708172,0.33496646946060493,0.32870436366725747,0.26420641940132045
NK cells_PB335,0.2804313289363225,0.32358979774368435,0.14703792656238493,0.24894094675760822
T cells_PB336,0.1611701031375398,0.31933998091804006,0.3743414548718059,0.14514846107261423
Monocytes_PB337,0.0201603369405409,0.7850889297931082,0.11198885049121304,0.08276188277513795
NK cells_PB338,0.025514982483885246,0.18831119667683388,0.6008064461303042,0.18536737470897657
B cells_PB339,0.35420981903845367,0.20040340038510077,0.2603287114554038,0.18505806912104186
NK cells_PB340,0.13651972092549014,0.4076489887593405,0.2317540846002563,0.22407720571491296
T cells_PB341,0.1521258352766889,0.21452613332440493,0.22020839560568492,0.4131396357932212
Monocytes_PB342,0.09245336770839842,0.5226604447870761,0.2657742527212348,0.11911193478329087
NK cells_PB343,0.21765989610085917,0.2764332229269203,0.26162870543123184,0.24427817554098866
T cells_PB344,0.10213527006482778,0.2869214879836908,0.25937933521265744,0.35156390673882393
B cells_PB345,0.30289142952164566,0.20168600626735006,0.2941444496503179,0.20127811456068642
T cells_PB346,0.10315518354979493,0.20403436886918455,0.17643948438747042,0.51637096319355
NK cells_PB347,0.09526350268080554,0.1744842565657034,0.5771820473810857,0.15307019337240535
NK cells_PB348,0.19571235384612087,0.3807140763275463,0.1272557722892316,0.2963177975371012
T cells_PB349,0.0970607653832132,0.27032653438995624,0.33084544812969513,0.3017672520971355
NK cells_PB350,0.023812413578528382,0.21622193826784175,0.559025583932305,0.20094006422132496
Monocytes_PB351,0.013186497789976645,0.551246983244444,0.26818599469945814,0.16738052426612116
T cells_PB352,0.0431082903355802,0.10490104927381365,0.14972277283285051,0.7022678875577556
Monocytes_PB353,0.00044416019302912163,0.6766034411122008,0.12276487760877024,0.20018752108599974
Monocytes_PB354,0.1579375834883285,0.2673946703589697,0.30991186687332933,0.26475587927937233
Monocytes_PB355,0.19227321204900652,0.19473930115850988,0.3159946127507551,0.2969928740417285
NK cells_PB356,0.055718342710535704,0.17313433273504875,0.5716943517137274,0.19945297284068816
Monocytes_PB357,0.22897364821228464,0.1472885844730299,0.3828623746911818,0.24087539262350383
Monocytes_PB358,0.0019833502665258687,0.613027972163074,0.22741347673292903,0.15757520083747106
T cells_PB359,0.0038029626029558094,0.11163052597965636,0.1528557455737199,0.7317107658436679
T cells_PB360,0.07309565458839469,0.23664657581653611,0.2506528603177962,0.43960490927727297
NK cells_PB361,0.09826498311178947,0.29316585516366944,0.39931087028492873,0.20925829143961236
B cells_PB362,0.5040072088546732,0.15790614006084344,0.2199367935763272,0.11814985750815604
Monocytes_PB363,0.014508103740970084,0.539398521119866,0.18253327801002023,0.2635600971291438
NK cells_PB364,0.11829935954056547,0.20348886836739666,0.5162422271117901,0.1619695449802478
Monocytes_PB365,0.025704492066370786,0.8486862116803198,0.039962264203896966,0.08564703204941237
T cells_PB366,0.11199655223798274,0.23267444094648307,0.32769782933783886,0.32763117747769527
T cells_PB367,0.02608900923493633,0.08834117836679387,0.1187338824884642,0.7668359299098056
T cells_PB368,0.009917336865651119,0.1380843795379383,0.14057082915366712,0.7114274544427434
B cells_PB369,0.11864854793250282,0.3141268277713995,0.313385974053144,0.25383865024295366
T cells_PB370,0.15796989044193602,0.32150493338550784,0.3616268888630835,0.1588982873094727
Monocytes_PB371,0.15171949223458603,0.21359633419175,0.3562973794703722,0.2783867941032917
NK cells_PB372,0.17545747291888486,0.3705713503637692,0.1671738720898646,0.2867973046274814
T cells_PB373,0.17210512581056875,0.310386692429109,0.3440803684445693,0.1734278133157529
Monocytes_PB374,0.013905097431725954,0.6879585226304602,0.1487656797036856,0.14937070023412824
Monocytes_PB375,0.24285745963960043,0.1649417128293227,0.3308655063294756,0.2613353212016014
B cells_PB376,0.24724546408378956,0.24668761010803597,0.28196508665668546,0.22410183915148904
NK cells_PB377,0.018717632576177055,0.12620412915016693,0.6975522932823134,0.15752594499134256
Monocytes_PB378,0.2453283120580913,0.12923671066495532,0.3627025015418998,0.2627324757350536
T cells_PB379,0.039091808924158776,0.13775017644248572,0.11528186559599603,0.7078761490373595
B cells_PB380,0.1808426467146118,0.30857169654339833,0.320051785096178,0.19053387164581184
B cells_PB381,0.07821541714099511,0.39569327919404373,0.26893232285987917,0.25715898080508204
T cells_PB382,0.016321903449068826,0.20037543198464222,0.23188276190047183,0.5514199026658171
T cells_PB383,0.05574649127527111,0.1956119621994378,0.2286603300075209,0.5199812165177702
Monocytes_PB384,0.012919073854305942,0.8208704520891927,0.07906229164239909,0.08714818241410217
T cells_PB385,0.0905229079659817,0.16576076704626047,0.14938916507879493,0.5943271599089629
T cells_PB386,0.028000365789301825,0.17723754754429588,0.13899940377786263,0.6557626828885397
B cells_PB387,0.22162267374345637,0.23309648257041835,0.3073207869662058,0.2379600567199196
Monocytes_PB388,0.11038883222728141,0.2863760245226279,0.3154534895286427,0.28778165372144787
NK cells_PB389,0.0315781386594042,0.13599348868616667,0.622262602914459,0.21016576973997012
B cells_PB390,0.6277077770250052,0.081672429240966,0.21610195847059838,0.07451783526343037
NK cells_PB391,0.018179565376088697,0.0797658007233502,0.7591663867599221,0.14288824714063886
NK cells_PB392,0.06150465719777463,0.27999143629969553,0.43380075169763627,0.22470315480489353
NK cells_PB393,0.14063755852640067,0.26616955393776254,0.3774306935966592,0.21576219393917762
Monocytes_PB394,0.004066859077421624,0.7339212708096262,0.16444599828542766,0.09756587182752453
NK cells_PB395,0.11316156816432016,0.3072809425553535,0.37742938790562014,0.20212810137470624
B cells_PB396,0.7219778867436898,0.06105424453221581,0.1439002462791113,0.07306762244498309
NK cells_PB397,0.024879322936939084,0.1257209782554553,0.6800446085540544,0.16935509025355136
T cells_PB398,0.09436675269350635,0.2795580397480229,0.25768342603614486,0.3683917815223259
NK cells_PB399,0.06315479527138286,0.10090628651392812,0.6748794054846702,0.16105951273001884
Monocytes_PB400,0.006479139602680991,0.7316166284241378,0.09187034852147768,0.17003388345170356
B cells_PB401,0.06718230216234172,0.3527951396488672,0.31984914002217757,0.26017341816661366
NK cells_PB402,0.021766655754632148,0.10567437826981574,0.70256723152814,0.16999173444741209
T cells_PB403,0.10796758014112777,0.29929527252007637,0.1742957493267301,0.41844139801206587
Monocytes_PB404,0.0027410449701952963,0.753985910750967,0.1670580602941549,0.07621498398468288
NK cells_PB405,0.1026142594646756,0.28427409226690664,0.4002466199476099,0.21286502832080786
Monocytes_PB406,0.0037762657942109995,0.8351233775504525,0.08748157319403577,0.07361878346130075
Monocytes_PB407,0.0943274004733255,0.4637037428610404,0.25591508742351976,0.1860537692421144
T cells_PB408,0.13501666572463372,0.37860653963314556,0.36469358720462813,0.12168320743759266
B cells_PB409,0.7041945589740352,0.09911154536392877,0.11927660631914176,0.07741728934289432
Monocytes_PB410,0.15839807990199056,0.20452892193708094,0.35600665899297596,0.28106633916795254
B cells_PB411,0.2152045136958209,0.29360472516147945,0.29336833760489506,0.19782242353780466
Monocytes_PB412,0.0,0.875210034229625,0.07642791189304712,0.04836205387732806
Monocytes_PB413,0.0,0.8540877810894671,0.0771269545838169,0.068785264326716
Monocytes_PB414,0.06116155033346913,0.5776299954210788,0.23577164441306794,0.12543680983238398
B cells_PB415,0.4880443128005979,0.13529621212135318,0.24448502374389408,0.13217445133415487
T cells_PB416,0.1205618380517656,0.29478091371894544,0.20894237735698493,0.3757148708723041
NK cells_PB417,0.09805022965287288,0.3241224217065404,0.38838069159415695,0.18944665704642974
Monocytes_PB418,0.10085614516428178,0.40241489092598437,0.30269599551602927,0.19403296839370446
NK cells_PB419,0.03520294373521777,0.17789401241648306,0.5711379740431308,0.21576506980516835
Monocytes_PB420,0.0,0.7216495844627565,0.13698539598065348,0.14136501955659006
T cells_PB421,0.02523748290485756,0.1557321886433235,0.16209930397905148,0.6569310244727675
T cells_PB422,0.026758693030694974,0.15671896079963527,0.1358661331867215,0.6806562129829482
B cells_PB423,0.02303008869391147,0.41466631923007047,0.29195026374141014,0.2703533283346078
NK cells_PB424,0.047404751504699964,0.24359530381170325,0.5037204166081527,0.2052795280754441
T cells_PB425,0.18498878677596803,0.32738675906610304,0.3489854026549224,0.13863905150300665
T cells_PB426,0.018043840643200987,0.22633255511604536,0.2826840306203772,0.4729395736203765
Monocytes_PB427,0.09532779345582491,0.47194995307109217,0.2822747608948329,0.1504474925782501
B cells_PB428,0.6805266630276471,0.08204248582658075,0.14468054363816946,0.0927503075076028
B cells_PB429,0.26785995922090194,0.24414303609724836,0.30812814024522794,0.1798688644366218
T cells_PB430,0.13283012825620022,0.34115161366257174,0.31690289773801383,0.2091153603432143
Monocytes_PB431,0.23645717494384258,0.24488805132697067,0.3097644027592534,0.20889037096993335
T cells_PB432,0.031708186483394005,0.16886494878005176,0.19806724639673792,0.6013596183398162
