,B cells,Monocytes,NK cells,T cells
T cells_PB1,0.09156635672365263,0.3138456349195864,0.2443271806532752,0.35026082770348577
B cells_PB2,0.7605211458470759,0.0847538870454456,0.08578849032324141,0.0689364767842371
T cells_PB3,0.04280611889173283,0.18636932903603826,0.1472272496318016,0.6235973024404273
Monocytes_PB4,0.007273655518040697,0.6409885952410638,0.19648155643292928,0.1552561928079663
T cells_PB5,0.16127760342996722,0.2801821812520499,0.3242788077273301,0.2342614075906528
T cells_PB6,0.14327240923544932,0.3127111567843421,0.36051585505645084,0.18350057892375785
Monocytes_PB7,0.21062186556064136,0.15817830979192687,0.35033131347329655,0.2808685111741352
T cells_PB8,0.01088991861948027,0.12592363669956608,0.14241765618671232,0.7207687884942413
Monocytes_PB9,0.07545366094765552,0.6203960112678384,0.1536052271267985,0.1505451006577076
B cells_PB10,0.5814095920708,0.18471008483965407,0.12221545836163103,0.11166486472791494
NK cells_PB11,0.27665745067071035,0.34088731051000065,0.10779244669865547,0.2746627921206334
NK cells_PB12,0.02180204030286673,0.09467871747673846,0.7530848696217732,0.13043437259862162
NK cells_PB13,0.021060286112870433,0.15991518032123708,0.675765396340967,0.1432591372249255
Monocytes_PB14,0.15872774594490535,0.31756821241041544,0.250420390947187,0.2732836506974921
NK cells_PB15,0.14334493977249338,0.31065134389073945,0.3157758091111596,0.23022790722560768
B cells_PB16,0.13257873363911138,0.25671887347562633,0.39035628409351475,0.22034610879174746
NK cells_PB17,0.12067816032760455,0.29388505440714746,0.34984499583889633,0.23559178942635148
Monocytes_PB18,0.0,0.5784723955360394,0.19654663183079946,0.22498097263316125
B cells_PB19,0.2812629522333133,0.29670837253255616,0.2593424756769427,0.16268619955718777
NK cells_PB20,0.11799992094431505,0.28760046231972813,0.3477333723122527,0.24666624442370397
B cells_PB21,0.5120532307722425,0.2153461811563936,0.140790623055619,0.13180996501574493
T cells_PB22,0.19173753933968082,0.30240476059320387,0.3194596476790152,0.18639805238810012
T cells_PB23,0.1806885462882854,0.23724588738461727,0.30377342343362157,0.27829214289347576
Monocytes_PB24,0.06731163399158857,0.4508726537070349,0.2634450678909686,0.21837064441040793
T cells_PB25,0.1352178805786634,0.23849835562552754,0.24194521068890587,0.3843385531069032
T cells_PB26,0.01913324598803872,0.16576319929815225,0.20083515746979935,0.6142683972440097
NK cells_PB27,0.11939798713509638,0.2626451743617454,0.33145567881409527,0.2865011596890629
Monocytes_PB28,0.00769318324056386,0.5620374011924473,0.26412844261807167,0.16614097294891714
Monocytes_PB29,0.047950698708305345,0.6088575545609242,0.18223608968838415,0.16095565704238615
Monocytes_PB30,0.17918249513008735,0.16157749219099704,0.3842852046194541,0.2749548080594616
NK cells_PB31,0.024700643972387547,0.22173220896379908,0.5314514931826955,0.22211565388111806
T cells_PB32,0.11932830694018372,0.37114422682676385,0.27559973124737536,0.23392773498567712
T cells_PB33,0.16067653502051282,0.3800873876436263,0.2886352012980947,0.17060087603776625
T cells_PB34,0.018457290902171544,0.05276536128809414,0.1627602411896954,0.766017106620039
T cells_PB35,0.023779239926193966,0.08466692995653645,0.13034105276660835,0.7612127773506613
B cells_PB36,0.6000721821431015,0.14371066497280086,0.17321669262165626,0.08300046026244134
NK cells_PB37,0.17098119515372454,0.2380186762324143,0.36041824961581964,0.23058187899804142
Monocytes_PB38,0.16724999532851972,0.2079669150126922,0.3622269633941875,0.26255612626460045
B cells_PB39,0.5628403897196077,0.11697671845166248,0.18312934815294896,0.13705354367578074
B cells_PB40,0.3201125939636613,0.25668328929953527,0.293688269504257,0.1295158472325465
NK cells_PB41,0.1431002946166794,0.3272946244364883,0.2551780346982294,0.27442704624860287
Monocytes_PB42,0.11823249654643331,0.5454194335469784,0.16194397440070926,0.17440409550587896
NK cells_PB43,0.1977394724558863,0.40521930053169664,0.1527659372619953,0.24427528975042184
B cells_PB44,0.6882553477430438,0.0679289286066463,0.1554915013801405,0.08832422227016941
B cells_PB45,0.1624448183219504,0.30867007833753607,0.3244968979395838,0.2043882054009296
NK cells_PB46,0.06419764497367701,0.1811296969572687,0.560981789833809,0.19369086823524542
T cells_PB47,0.13038796018247206,0.26086523711378873,0.32277181286192397,0.28597498984181535
Monocytes_PB48,0.029286240660751577,0.5493307906260905,0.26995908663222956,0.15142388208092847
B cells_PB49,0.42476469541826894,0.18700614281985548,0.27770237679142845,0.11052678497044711
B cells_PB50,0.09871323786174581,0.32988487155559304,0.3137643322496454,0.2576375583330158
NK cells_PB51,0.011988267282287015,0.09017089605554206,0.7727590346607577,0.12508180200141322
T cells_PB52,0.027688330986585002,0.19069888590233958,0.16566473580188085,0.6159480473091946
B cells_PB53,0.7143370349154644,0.056667400764229006,0.15715621695485252,0.07183934736545394
T cells_PB54,0.037587053945649145,0.13855841613762976,0.08048565168726853,0.7433688782294524
Monocytes_PB55,0.018068614660828066,0.6354482249726825,0.12841835275831678,0.2180648076081728
NK cells_PB56,0.019527767645869522,0.11428467769286907,0.7473372198218207,0.11885033483944075
B cells_PB57,0.020120491181248597,0.3371837669202449,0.3481204077408889,0.2945753341576177
T cells_PB58,0.15039679182844598,0.30948626467536816,0.2980453317583853,0.24207161173780062
NK cells_PB59,0.2006051003458721,0.3265634120625538,0.18774454399445953,0.28508694359711456
B cells_PB60,0.2039310696166932,0.3034490924972671,0.31009003654677075,0.18252980133926897
B cells_PB61,0.30991477338391543,0.2604526522929726,0.22770935940199788,0.20192321492111406
NK cells_PB62,0.0835512275928379,0.3537234211303748,0.3510759571790604,0.21164939409772693
Monocytes_PB63,0.028046031896612294,0.7798550929330855,0.11493629009093727,0.07716258507936506
T cells_PB64,0.09791969400170718,0.3171815108359047,0.28267875835105505,0.30222003681133314
Monocytes_PB65,0.10588910334105943,0.36275151271679396,0.2793313077731145,0.25202807616903217
B cells_PB66,0.4060027176183881,0.18786948526906855,0.2632339218977574,0.14289387521478605
T cells_PB67,0.11936395511149017,0.36635056441182257,0.3309528841243573,0.18333259635233007
NK cells_PB68,0.03168240813852184,0.13147172600376775,0.6262989085980183,0.2105469572596923
T cells_PB69,0.20122144834168385,0.2835485947662066,0.35530037244584456,0.1599295844462649
T cells_PB70,0.027319290817710094,0.0701447712615683,0.09629216013782284,0.8062437777828988
Monocytes_PB71,0.007936348224744705,0.7271388744844867,0.176915719866974,0.0880090574237947
NK cells_PB72,0.13433151835445223,0.2866204187787601,0.2953613706628868,0.2836866922039008
T cells_PB73,0.14626490530981615,0.3927069409856734,0.36252427062153786,0.09850388308297256
Monocytes_PB74,0.016724907555468387,0.7624327067119706,0.09627732134821498,0.12456506438434613
Monocytes_PB75,0.010360350468823791,0.6947783300444711,0.1265878027195764,0.1682735167671288
NK cells_PB76,0.01847790182845767,0.17202541352163328,0.614302944797946,0.19519373985196306
T cells_PB77,0.021635869917841367,0.14718987163173017,0.19627553864148517,0.6348987198089433
NK cells_PB78,0.19416583188742992,0.3670843014581186,0.19455155451673556,0.24419831213771578
T cells_PB79,0.11320269162136186,0.24486043661006004,0.31582789774848546,0.3261089740200927
T cells_PB80,0.15306065310749634,0.3351481381198991,0.35461233730152125,0.1571788714710834
B cells_PB81,0.6744724035339358,0.11637747646325691,0.12653318314022283,0.0826169368625845
B cells_PB82,0.4854684487934867,0.13398858326436974,0.2750229786405988,0.10551998930154474
B cells_PB83,0.21348806961797348,0.310122129340012,0.28530274287581825,0.1910870581661962
B cells_PB84,0.0,0.3868198964995988,0.3388521224238356,0.2743279810765656
B cells_PB85,0.20943956019361112,0.2770656793406717,0.3051155909741936,0.2083791694915235
NK cells_PB86,0.09204747139152189,0.3172642487146899,0.3691666553767796,0.22152162451700855
NK cells_PB87,0.02866632322404549,0.16548762340142323,0.6075968393256873,0.19824921404884385
Monocytes_PB88,0.0024865841524347233,0.657994314312784,0.1660184388559721,0.1735006626788093
Monocytes_PB89,0.022114365734725652,0.7929569685164711,0.11077463787171532,0.07415402787708793
T cells_PB90,0.12157089921561318,0.26074273531808245,0.1942344749198894,0.4234518905464149
B cells_PB91,0.038517380566148264,0.35121609793943226,0.31620867929974594,0.29405784219467357
T cells_PB92,0.06005012840297147,0.2276618239241126,0.12968514552921068,0.5826029021437054
NK cells_PB93,0.00977122351261833,0.18233274529312438,0.6310486485516225,0.17684738264263478
B cells_PB94,0.44368384564043917,0.1861817526063409,0.25155632586772003,0.11857807588549998
Monocytes_PB95,0.0,0.7292397192515729,0.13573302288433917,0.13502725786408795
NK cells_PB96,0.08669402954886568,0.2425239112347036,0.46575891341139647,0.20502314580503414
T cells_PB97,0.1026381308600242,0.23394710739639946,0.27254140283649897,0.3908733589070773
B cells_PB98,0.3260120265038436,0.23538678728619944,0.2599236035081652,0.17867758270179174
B cells_PB99,0.0,0.37027368088423424,0.3524029669087538,0.2773233522070119
B cells_PB100,0.00435453821930731,0.38306958949889836,0.3746926337011164,0.23788323858067786
Monocytes_PB101,0.2053250675416013,0.15431225619863187,0.3806119760132803,0.2597507002464865
B cells_PB102,0.4882886965377447,0.17364564875234104,0.24633909368530635,0.09172656102460795
NK cells_PB103,0.1026856869110637,0.309869136496244,0.3643975476968994,0.22304762889579285
NK cells_PB104,0.027028445522858144,0.24403183858204017,0.4954825709987038,0.23345714489639782
Monocytes_PB105,0.01803308128289579,0.8148786352086742,0.10490055347015363,0.062187730038276344
B cells_PB106,0.18656688081559192,0.3138951092508766,0.30059167507934037,0.19894633485419125
NK cells_PB107,0.13466366485913422,0.25512718476485097,0.43051420371978294,0.1796949466562317
Monocytes_PB108,0.0,0.7298531033438457,0.13314475729607714,0.13700213936007727
T cells_PB109,0.15502441951986046,0.3162350774007316,0.26210062079034296,0.26663988228906504
B cells_PB110,0.02887435664721408,0.34148198571015254,0.3296004231910578,0.3000432344515755
NK cells_PB111,0.09027901195967508,0.30943716773220753,0.36424831123871687,0.2360355090694005
NK cells_PB112,0.16636797772879086,0.3710748518069114,0.25287135360718344,0.2096858168571144
Monocytes_PB113,0.02690726926020446,0.8514842419853745,0.033356631890481464,0.08825185686393955
B cells_PB114,0.6302652251501252,0.09583612194030666,0.17245910895876537,0.10143954395080278
T cells_PB115,0.009879682679820066,0.23141715703367485,0.2587441834599621,0.499958976826543
T cells_PB116,0.012809368932550561,0.121033982235053,0.16972329969452865,0.6964333491378678
NK cells_PB117,0.023020933924195353,0.1081654842812991,0.6742695995277468,0.19454398226675879
T cells_PB118,0.1433406167703642,0.34685755065944845,0.2920511120844911,0.21775072048569621
T cells_PB119,0.03229383289038676,0.09833811132112012,0.1487466486000001,0.720621407188493
Monocytes_PB120,0.0005658179863957748,0.5605202196766459,0.2908465653449411,0.14806739699201718
NK cells_PB121,0.026298581844632025,0.1476577693024124,0.6363994858438802,0.1896441630090753
Monocytes_PB122,0.004205521274762942,0.8096061768177977,0.11219508471820559,0.07399321718923378
T cells_PB123,0.13792552903276653,0.31421098497322875,0.25721328904253554,0.29065019695146904
Monocytes_PB124,0.1597535003643213,0.22370941170372952,0.35608918902263537,0.2604478989093139
NK cells_PB125,0.09682627250344326,0.32611099741622585,0.3316374781931801,0.24542525188715064
Monocytes_PB126,0.03036158971754257,0.5023241222189051,0.2624221189053603,0.20489216915819206
B cells_PB127,0.6241535813537449,0.11561658478642892,0.17384803019597125,0.0863818036638549
NK cells_PB128,0.019415783260455583,0.12323213562621255,0.7271416295116332,0.13021045160169864
T cells_PB129,0.1785712122293922,0.34185976648640376,0.35437854920009354,0.12519047208411047
NK cells_PB130,0.028762281640484253,0.24604405457191378,0.483900685005292,0.24129297878230999
Monocytes_PB131,0.033855420355249875,0.49353867296953813,0.262541809703659,0.21006409697155304
Monocytes_PB132,0.14049913771198935,0.32755031541043644,0.2859048713846152,0.2460456754929592
Monocytes_PB133,0.1754070345598485,0.22823105794759851,0.3482275667418797,0.24813434075067334
NK cells_PB134,0.14852371682773835,0.2563924442787924,0.40716575255950044,0.18791808633396884
B cells_PB135,0.7589029789328706,0.06736266299248417,0.09232217301549599,0.08141218505914916
T cells_PB136,0.14259062817837428,0.2680571078365504,0.3040136467697553,0.2853386172153201
T cells_PB137,0.06972282831798578,0.2201322566656333,0.26399645390861715,0.44614846110776374
B cells_PB138,0.5467878530466623,0.1441373679787945,0.21573429245635842,0.09334048651818481
T cells_PB139,0.10289470655691224,0.25119546888835553,0.35257940340701,0.29333042114772223
NK cells_PB140,0.012706725669223595,0.09462615516705335,0.7564199507729655,0.13624716839075748
NK cells_PB141,0.024177746526300888,0.08802136437862794,0.7885655898873681,0.09923529920770315
NK cells_PB142,0.1022656686461732,0.32890509536698864,0.34598989411261044,0.22283934187422777
T cells_PB143,0.11018672460850285,0.20200119990478307,0.28248501974320944,0.4053270557435045
NK cells_PB144,0.06854422389701778,0.3466927418875611,0.36646296822043206,0.21830006599498916
NK cells_PB145,0.09670849734424274,0.3103702911317261,0.36823181946865097,0.22468939205538016
NK cells_PB146,0.1836349523915045,0.3909591810598401,0.15109992279790344,0.27430594375075196
B cells_PB147,0.5172840009001055,0.13307566142215088,0.20405160702225147,0.1455887306554921
Monocytes_PB148,0.006211610360635317,0.5599292048425759,0.24427007150903238,0.18958911328775638
T cells_PB149,0.227385650546372,0.3152950271455737,0.3175530790721918,0.13976624323586234
B cells_PB150,0.17106524597292144,0.3304224352747584,0.28795247230899634,0.21055984644332384
T cells_PB151,0.014439822030971173,0.10881127259404724,0.1601908337012403,0.7165580716737413
T cells_PB152,0.13686606479066696,0.2917378212451275,0.33295963316587046,0.2384364807983352
Monocytes_PB153,0.1874165516879292,0.24290236885703126,0.3244438873424484,0.24523719211259126
NK cells_PB154,0.12842893891991844,0.21483138902657722,0.4897184005168424,0.167021271536662
T cells_PB155,0.005375859314864714,0.09544537434344513,0.11882273146658474,0.7803560348751054
B cells_PB156,0.17490920751954175,0.30485483605733493,0.30072445179778107,0.21951150462534225
Monocytes_PB157,0.004938573144421772,0.6632271538660582,0.21316850886400218,0.11866576412551777
NK cells_PB158,0.05376575437810442,0.13093966536804907,0.6262142931167377,0.18908028713710878
B cells_PB159,0.18940730812868298,0.27529079570756315,0.2862806240261182,0.24902127213763559
T cells_PB160,0.024726313937667818,0.17694479544469033,0.20037423023221748,0.5979546603854244
T cells_PB161,0.14505234052551175,0.29990727569657183,0.26501253848752854,0.2900278452903878
T cells_PB162,0.06994552228865054,0.1916721371149173,0.2141448503166183,0.5242374902798139
NK cells_PB163,0.02055480238805287,0.24468079475471902,0.5371955846840407,0.19756881817318747
B cells_PB164,0.4102176899427634,0.2197343376708347,0.2406785412806461,0.12936943110575588
NK cells_PB165,0.17757998870027777,0.4017764321009789,0.2008536737863162,0.21978990541242718
B cells_PB166,0.6556134874020346,0.09074748109951115,0.1429260286968946,0.11071300280155964
Monocytes_PB167,0.12148694186878765,0.3923395781703481,0.27699017676207827,0.20918330319878609
Monocytes_PB168,0.16917744456218917,0.2868693703723367,0.35387288510950454,0.19008029995596953
NK cells_PB169,0.1710434463298213,0.34950340793540824,0.17623893841571683,0.3032142073190536
NK cells_PB170,0.022783568771027794,0.23078261409348064,0.5390375977523918,0.2073962193830997
B cells_PB171,0.5238736222227183,0.1690691255029089,0.23082426878241055,0.07623298349196236
Monocytes_PB172,0.22728087884279025,0.13971188972482487,0.3378835915665152,0.29512363986586965
B cells_PB173,0.39419820839756486,0.2292631046148897,0.23347131318276582,0.14306737380477963
T cells_PB174,0.15258561574108748,0.3014338762818521,0.31740461083987986,0.22857589713718054
NK cells_PB175,0.06844538196791207,0.18201292329321142,0.5489770728002746,0.20056462193860175
NK cells_PB176,0.16038476371245286,0.3151793541363851,0.2896599387247774,0.23477594342638458
T cells_PB177,0.0776318129903426,0.19722385300999817,0.1718996431443717,0.5532446908552875
NK cells_PB178,0.13694429040805364,0.23784798049020356,0.4198795228668688,0.20532820623487405
Monocytes_PB179,0.024116176742408107,0.8566741654256508,0.0775588491446247,0.04165080868731638
Monocytes_PB180,0.22962985729585453,0.22932444403513033,0.308392817082601,0.23265288158641403
Monocytes_PB181,0.1288889409112272,0.405979104181265,0.2913491597312106,0.1737827951762972
T cells_PB182,0.15447977471285665,0.32928317259975476,0.31134825015490825,0.20488880253248054
Monocytes_PB183,0.009196723408729764,0.8416247879159854,0.07949255783315617,0.06968593084212871
B cells_PB184,0.6715963741335168,0.09365562250411788,0.14159480268248836,0.09315320067987701
NK cells_PB185,0.10386241838546174,0.3066318882818173,0.36512218668868235,0.22438350664403864
NK cells_PB186,0.08085466142208908,0.1752501204427208,0.5415255026753423,0.20236971545984794
T cells_PB187,0.024564611880303986,0.12614724670833893,0.18545848495908676,0.6638296564522703
NK cells_PB188,0.06248357563990234,0.21888220904911662,0.49071115053814796,0.22792306477283314
Monocytes_PB189,0.08583909978763667,0.5897213012838214,0.16071806416125628,0.16372153476728585
T cells_PB190,0.1340009753385911,0.29063075807410027,0.3314223250376968,0.24394594154961188
T cells_PB191,0.15406682205541833,0.3814881325800837,0.2943205273520368,0.1701245180124612
NK cells_PB192,0.02168465231439346,0.09980438318363902,0.726150641316281,0.1523603231856865
T cells_PB193,0.0380672410563526,0.11255035128230961,0.10314804638312057,0.7462343612782172
Monocytes_PB194,0.007327534008260583,0.6382384467950905,0.19742125155384846,0.15701276764280042
Monocytes_PB195,0.0933664351910243,0.42631753655978305,0.27553202537324334,0.20478400287594933
T cells_PB196,0.10912494571166995,0.2799624292791482,0.2891874208686848,0.32172520414049716
T cells_PB197,0.020877363156825354,0.15907719351655428,0.2384904160423165,0.581555027284304
T cells_PB198,0.021763020839769526,0.14287550059545068,0.12822779305768445,0.7071336855070953
Monocytes_PB199,0.017728265051904443,0.8239419751567942,0.08558089944325054,0.0727488603480508
Monocytes_PB200,0.013130185646223307,0.7404457019379561,0.09201991231393607,0.15440420010188444
T cells_PB201,0.11567373436253796,0.15201393175964764,0.21976716659640907,0.5125451672814053
NK cells_PB202,0.18406485210234202,0.35057258086832344,0.22908343566805248,0.23627913136128215
T cells_PB203,0.10664136813692575,0.32949836126474213,0.3289020600352175,0.23495821056311456
T cells_PB204,0.019380944784358783,0.0931011698916646,0.15010121107739008,0.7374166742465865
NK cells_PB205,0.10761417166608683,0.186046060169129,0.5073849519338108,0.19895481623097333
T cells_PB206,0.14168199459820657,0.35465866842018523,0.36278879884494986,0.14087053813665845
Monocytes_PB207,0.21140306441996068,0.20899210904970575,0.31343825040797557,0.266166576122358
T cells_PB208,0.05139634278467794,0.18469358771162458,0.2251197746442518,0.5387902948594456
T cells_PB209,0.2108648907173811,0.34248506951055574,0.3198092376805912,0.12684080209147192
T cells_PB210,0.11394054245207763,0.37698246106612177,0.2806381117448951,0.22843888473690552
B cells_PB211,0.4309931052080322,0.21042634884058883,0.20514934208523167,0.1534312038661474
T cells_PB212,0.10464826990835684,0.20711187622027347,0.08987216051558305,0.5983676933557867
B cells_PB213,0.47988543893764307,0.17989467121290992,0.2305357090272627,0.10968418082218426
T cells_PB214,0.11835008377316221,0.2940094318283638,0.3218229105310381,0.26581757386743576
B cells_PB215,0.5686281920463222,0.14997550065223797,0.1664602224167482,0.11493608488469172
NK cells_PB216,0.14748280569143146,0.34119756386874095,0.26815661584183015,0.24316301459799738
Monocytes_PB217,0.08892670042618613,0.4110212543275793,0.30766155482268204,0.19239049042355252
NK cells_PB218,0.013829961028516571,0.19238372254728886,0.6422839365662807,0.15150237985791387
B cells_PB219,0.5033484648885578,0.18929535630384872,0.19591821372448817,0.11143796508310516
Monocytes_PB220,0.018548712491656124,0.7872181754445656,0.09955599933933984,0.09467711272443836
Monocytes_PB221,0.0031325284798333275,0.632855716623468,0.21914247295202083,0.1448692819446779
T cells_PB222,0.062383181558713745,0.22616855513212727,0.22038137757360482,0.4910668857355541
T cells_PB223,0.16724256366945242,0.3799139208117007,0.3147366426065511,0.13810687291229584
Monocytes_PB224,0.08164919933013955,0.44437631141258926,0.2741537256217558,0.19982076363551532
B cells_PB225,0.17386013295719324,0.31749996127957214,0.28866759780444023,0.21997230795879455
B cells_PB226,0.17469234842308645,0.2958390502622598,0.3086682791467004,0.22080032216795337
NK cells_PB227,0.011903983306932747,0.09034509940462637,0.7697367419826813,0.12801417530575956
T cells_PB228,0.08032564911674422,0.2670781500961749,0.330728076710857,0.32186812407622395
T cells_PB229,0.0206751214996932,0.13087687554178656,0.15088614326653477,0.6975618596919855
Monocytes_PB230,0.0,0.6684052163546347,0.1624853544141521,0.1691094292312133
B cells_PB231,0.6131745332500969,0.14898488081835726,0.14965231986108157,0.08818826607046425
B cells_PB232,0.3821012890972795,0.21530811259058383,0.248213001643715,0.15437759666842163
B cells_PB233,0.4474400343606724,0.20078554296484616,0.2314022664542842,0.1203721562201972
B cells_PB234,0.41256374802692963,0.20586343054423292,0.19078450358771215,0.19078831784112515
T cells_PB235,0.15611780607987788,0.3230271627511588,0.31531374923519195,0.20554128193377133
NK cells_PB236,0.019721784321076307,0.16106166400066824,0.6180670148928973,0.20114953678535824
T cells_PB237,0.096344224731854,0.3314882784479131,0.29654929679889563,0.27561820002133713
T cells_PB238,0.14617531539634712,0.3751874036102125,0.3512004117713387,0.1274368692221017
T cells_PB239,0.06380615314207791,0.21361063130841482,0.215194994582676,0.5073882209668312
B cells_PB240,0.10682256868702598,0.32522188303966343,0.359256447820041,0.20869910045326945
B cells_PB241,0.7258679293292293,0.06715790205204358,0.10371828247253993,0.10325588614618715
B cells_PB242,0.7517881125695225,0.0998643598850774,0.10050251263051513,0.04784501491488478
NK cells_PB243,0.011815687905327374,0.10777882218351792,0.7631853041562028,0.11722018575495186
NK cells_PB244,0.11022637180997914,0.2688094838757707,0.38258815415693737,0.23837599015731292
NK cells_PB245,0.16636649230888367,0.4200777615282347,0.15640319639566233,0.25715254976721924
B cells_PB246,0.7212541661256207,0.05946081387852674,0.15389965832450053,0.06538536167135206
Monocytes_PB247,0.0759955852092539,0.4832477393267966,0.2805643452756258,0.1601923301883238
Monocytes_PB248,0.009554117511096085,0.8590327553289369,0.06236783282001296,0.06904529433995418
B cells_PB249,0.7289289589340431,0.0626790258079888,0.15954625772915607,0.048845757528812005
T cells_PB250,0.03629013075765736,0.12566062599393107,0.14037111809096858,0.697678125157443
NK cells_PB251,0.12434531854998739,0.2671760957518149,0.35985948071158447,0.24861910498661324
NK cells_PB252,0.1074875541626285,0.25391822095072897,0.4359168144086091,0.20267741047803348
T cells_PB253,0.028197329074194824,0.15097001840498692,0.1399896001118306,0.6808430524089876
T cells_PB254,0.11663251662037781,0.31188959430223456,0.29104881041876635,0.2804290786586214
NK cells_PB255,0.11627680008590979,0.3498328845402429,0.2861815067911915,0.2477088085826557
NK cells_PB256,0.07796529006692333,0.20625274761616122,0.5052358255102418,0.2105461368066736
T cells_PB257,0.0025348633821914626,0.11926151257304111,0.12336243892457796,0.7548411851201895
Monocytes_PB258,0.008040640974985283,0.6887322881381853,0.1432447053222152,0.15998236556461426
B cells_PB259,0.46773054527927,0.14672599184927473,0.26742530223996236,0.1181181606314929
Monocytes_PB260,0.1912356311123587,0.21546673043169592,0.30522941839816947,0.2880682200577759
T cells_PB261,0.05678557400359171,0.21867988450348083,0.21848247877695873,0.5060520627159688
T cells_PB262,0.008338761145300263,0.12475129949513482,0.12148442515213718,0.7454255142074278
B cells_PB263,0.10101142271388729,0.31552263130251595,0.33558193725684754,0.24788400872674923
NK cells_PB264,0.10303915707086182,0.227398714420959,0.5088711129638291,0.16069101554435
Monocytes_PB265,0.0,0.8035174766039478,0.09770100224447807,0.09878152115157407
T cells_PB266,0.019907612450594036,0.2031850582297538,0.16046677500066706,0.6164405543189851
NK cells_PB267,0.034210897005179285,0.17333002105317585,0.58462690612337,0.20783217581827482
B cells_PB268,0.5363974089914584,0.1602215409856149,0.2104869624770215,0.0928940875459052
B cells_PB269,0.23330762380462183,0.3114157777239812,0.24188472306677825,0.21339187540461882
B cells_PB270,0.22908968894327075,0.25202541460336836,0.263387767385787,0.2554971290675739
NK cells_PB271,0.01135028078799647,0.15016712414037756,0.6685036290993944,0.1699789659722316
Monocytes_PB272,0.004551501590499554,0.7649858350981171,0.10457558509702003,0.1258870782143634
NK cells_PB273,0.024295985437507342,0.11501540904915186,0.6941833773099725,0.16650522820336824
T cells_PB274,0.024253556986981218,0.09518564972344515,0.1341539306725753,0.7464068626169983
T cells_PB275,0.08855870133397543,0.2702557511478194,0.21976767625096824,0.421417871267237
T cells_PB276,0.0928500390532267,0.21451569834980708,0.2562360788233319,0.43639818377363443
Monocytes_PB277,0.01160205103999291,0.7758042062693489,0.09683666963614375,0.1157570730545145
B cells_PB278,0.502149350934231,0.2136552136797855,0.20568136340736942,0.07851407197861408
B cells_PB279,0.5501290574239679,0.12603719782594652,0.1939651839854818,0.12986856076460396
B cells_PB280,0.6180858323808665,0.1324328307241359,0.18459558446643987,0.0648857524285578
NK cells_PB281,0.011283312097619423,0.1089684269112711,0.7252521025880031,0.15449615840310638
NK cells_PB282,0.08121352836772243,0.2825425249103194,0.41670800404149877,0.2195359426804595
T cells_PB283,0.13352535319453337,0.2335445254360239,0.29412983410040244,0.3388002872690404
B cells_PB284,0.039921426565644846,0.3548158968739993,0.3212839771972335,0.2839786993631224
B cells_PB285,0.45514460661820827,0.19881899867551434,0.21788253450663908,0.1281538601996383
B cells_PB286,0.005196644796251628,0.35384484483635525,0.3396521739169582,0.301306336450435
B cells_PB287,0.35225292459503044,0.17771558982152405,0.28712327354352407,0.18290821203992155
NK cells_PB288,0.09434937733012409,0.22166495787239984,0.4997212227319914,0.18426444206548465
NK cells_PB289,0.04963392359948344,0.3386687993924427,0.34397493722013334,0.2677223397879404
T cells_PB290,0.08255463547405734,0.18792143241016707,0.24914853222274722,0.4803753998930284
NK cells_PB291,0.21157091274892242,0.39164993666638087,0.15365357992534182,0.24312557065935494
T cells_PB292,0.17492559590858434,0.3663780237789959,0.3318617776762737,0.12683460263614615
T cells_PB293,0.05212186316003894,0.12600360397930985,0.1686763690852418,0.6531981637754094
T cells_PB294,0.10565081805175805,0.2645693509016686,0.28710044019025394,0.34267939085631943
Monocytes_PB295,0.1873079354936332,0.23053729830656247,0.3587932570542845,0.2233615091455198
NK cells_PB296,0.03478933257527885,0.2195939756754471,0.5074096258320551,0.2382070659172189
Monocytes_PB297,0.0,0.7459442043345638,0.14606143835124163,0.10799435731419459
Monocytes_PB298,0.12426374869193142,0.326902971239202,0.2787614927509063,0.2700717873179602
NK cells_PB299,0.09375063676991761,0.15602335380934199,0.5502024103725365,0.20002359904820383
NK cells_PB300,0.19819823232136857,0.2964662766614322,0.20675476583043115,0.29858072518676804
NK cells_PB301,0.2410498365985692,0.34737924935911685,0.155808956005645,0.25576195803666885
T cells_PB302,0.08373476731793211,0.26836757453627696,0.2298394339226014,0.41805822422318956
NK cells_PB303,0.07319253933394576,0.2093467368723499,0.5160643599721387,0.20139636382156567
B cells_PB304,0.5046133478747852,0.12998538192180364,0.271906011104283,0.09349525909912812
Monocytes_PB305,0.0034933159512232966,0.7066168113851455,0.16780838361377193,0.12208148904985916
B cells_PB306,0.7708365350160303,0.05717597485610363,0.09268247662599853,0.07930501350186743
NK cells_PB307,0.025166266466144883,0.24547688338929302,0.4753288504745974,0.2540279996699648
Monocytes_PB308,0.11545261549675964,0.4079801356459706,0.30193158087419086,0.17463566798307892
NK cells_PB309,0.0132771637939903,0.16647625690729692,0.6706904894165185,0.14955608988219407
Monocytes_PB310,0.11051627377796956,0.35149352801039474,0.3230785154458061,0.21491168276582953
B cells_PB311,0.33424133105389914,0.22645527482512504,0.2305398161812636,0.2087635779397122
B cells_PB312,0.016200591834112855,0.36961996942432723,0.31562669869930465,0.2985527400422552
NK cells_PB313,0.19866665578906492,0.3861515474448597,0.15197693714052635,0.263204859625549
B cells_PB314,0.7326535543726631,0.059163057268925665,0.14112411332576505,0.06705927503264611
Monocytes_PB315,0.0,0.7759086481398659,0.13794762219965026,0.08614372966048381
T cells_PB316,0.06724709553929156,0.22732266572812368,0.16728228279934654,0.5381479559332383
NK cells_PB317,0.07415305429171408,0.26186865482770805,0.4339082386656327,0.23007005221494517
NK cells_PB318,0.10549429666222766,0.3271047321999752,0.30188357847337105,0.26551739266442614
B cells_PB319,0.10574631926637791,0.3347383304445866,0.3635168465850222,0.19599850370401323
NK cells_PB320,0.13711624073134257,0.25324642252997875,0.33873397993322996,0.2709033568054487
NK cells_PB321,0.13131387595250155,0.20889632098941474,0.4883961305072033,0.17139367255088042
Monocytes_PB322,0.0,0.6991097671284222,0.14643244174320647,0.15445779112837138
B cells_PB323,0.4987143886622641,0.11713220006864652,0.25037594883340436,0.13377746243568508
B cells_PB324,0.17697262341536593,0.31150209580779803,0.27553111357553195,0.23599416720130395
NK cells_PB325,0.0393336546580155,0.11009776141607988,0.7380920069424157,0.11247657698348892
Monocytes_PB326,0.013643787867135793,0.7027162590941446,0.17167441983368684,0.11196553320503283
B cells_PB327,0.45150215476824274,0.15218391632852335,0.23198606780210196,0.164327861101132
Monocytes_PB328,0.01023298663858804,0.6204017207744916,0.173768566982615,0.1955967256043054
B cells_PB329,0.3317987721865612,0.2694730009622207,0.2935546238509212,0.105173603000297
NK cells_PB330,0.11171951549655298,0.3345947104637697,0.3600430547690101,0.1936427192706672
T cells_PB331,0.1289795619260089,0.254087065415162,0.3169163468825762,0.3000170257762528
T cells_PB332,0.08252064523771231,0.16283092819413883,0.14098600901640965,0.6136624175517391
NK cells_PB333,0.21923399488573253,0.3385183871722327,0.09150744599605387,0.3507401719459809
B cells_PB334,0.0721228423484081,0.334966406639101,0.328704364166917,0.26420638684557396
NK cells_PB335,0.2804313552194117,0.32358970409385684,0.1470379276742669,0.2489410130124646
T cells_PB336,0.16117013301495683,0.3193399463830592,0.37434132219797805,0.14514859840400593
Monocytes_PB337,0.02016035336492957,0.7850889169577119,0.11198877461100486,0.08276195506635374
NK cells_PB338,0.025514959770875225,0.18831109417742561,0.6008065458031036,0.18536740024859566
B cells_PB339,0.35420977092995937,0.20040333607459018,0.26032870823287674,0.1850581847625738
NK cells_PB340,0.13651966385682113,0.40764896132200046,0.23175403733675842,0.22407733748441994
T cells_PB341,0.15212590820059518,0.2145260616408389,0.2202084146468454,0.4131396155117205
Monocytes_PB342,0.09245336008651395,0.5226603438801102,0.26577429256680296,0.11911200346657301
NK cells_PB343,0.21765988782330095,0.27643319994578486,0.2616287278906807,0.2442781843402334
T cells_PB344,0.1021352867171921,0.28692141414377914,0.2593793599880122,0.35156393915101664
B cells_PB345,0.30289140496625083,0.20168596138332387,0.29414448629318335,0.20127814735724192
T cells_PB346,0.10315513994710195,0.20403429826401911,0.17643958648498773,0.5163709753038911
NK cells_PB347,0.09526355740690282,0.17448420954795138,0.5771820510634332,0.15307018198171243
NK cells_PB348,0.1957124690902256,0.38071404015788435,0.1272557974453747,0.29631769330651525
T cells_PB349,0.0970606898185523,0.2703264942365924,0.3308454726792914,0.30176734326556387
NK cells_PB350,0.02381244068517964,0.2162218968320222,0.5590256027358017,0.20094005974699644
Monocytes_PB351,0.013186527997784097,0.551246926841016,0.2681859763025091,0.16738056885869096
T cells_PB352,0.043108299415859426,0.10490100997055314,0.14972282280241722,0.7022678678111701
Monocytes_PB353,0.0004441721838092487,0.6766033651006004,0.12276482791324836,0.20018763480234214
Monocytes_PB354,0.15793767727732688,0.2673946124381308,0.30991181025454256,0.2647559000299998
Monocytes_PB355,0.19227330653160868,0.19473924872538076,0.31599457477754533,0.29699286996546514
NK cells_PB356,0.05571837324979289,0.17313427007923746,0.5716944197797917,0.1994529368911779
Monocytes_PB357,0.22897359693946698,0.14728857437597012,0.38286229372070263,0.24087553496386027
Monocytes_PB358,0.001983353825476361,0.6130278972139462,0.22741351481927422,0.1575752341413034
T cells_PB359,0.003802975179205718,0.1116304921954149,0.1528557940803581,0.7317107385450212
T cells_PB360,0.07309569890040836,0.2366465114487636,0.2506528293982248,0.4396049602526032
NK cells_PB361,0.09826506185886529,0.29316578508651137,0.3993108811517358,0.20925827190288765
B cells_PB362,0.5040073310937083,0.15790604641090913,0.21993683012964946,0.11814979236573321
Monocytes_PB363,0.014508077078442158,0.5393984478057621,0.18253328303304894,0.2635601920827469
NK cells_PB364,0.11829933670340562,0.20348882811912983,0.5162421865296861,0.1619696486477785
Monocytes_PB365,0.025704452241136,0.8486861287242293,0.039962287441326884,0.08564713159330782
T cells_PB366,0.11199656567564281,0.232674362953684,0.32769781616598015,0.32763125520469294
T cells_PB367,0.026088974937227727,0.08834114604482378,0.11873388184839613,0.7668359971695523
T cells_PB368,0.009917329826968333,0.13808432407325374,0.1405708572535543,0.7114274888462235
B cells_PB369,0.118648646468355,0.314126780412615,0.31338586253602335,0.25383871058300655
T cells_PB370,0.15796999968097353,0.3215048797148694,0.36162679208921156,0.15889832851494556
Monocytes_PB371,0.15171947800663052,0.21359626875368326,0.3562974344187956,0.27838681882089045
NK cells_PB372,0.17545744750827857,0.37057126727297135,0.16717389902597363,0.2867973861927764
T cells_PB373,0.17210506949086657,0.31038663959147245,0.34408035692782407,0.1734279339898369
Monocytes_PB374,0.013905073014834006,0.6879584837088838,0.1487656483080528,0.14937079496822947
Monocytes_PB375,0.24285761459665825,0.16494164719734836,0.3308654460429335,0.2613352921630599
B cells_PB376,0.24724547486212642,0.24668762827973498,0.281964979110045,0.22410191774809368
NK cells_PB377,0.018717604209118503,0.1262040377711323,0.6975523271648553,0.157526030854894
Monocytes_PB378,0.24532832109308308,0.12923669438657265,0.3627025210630333,0.2627324634573109
T cells_PB379,0.03909183416453263,0.13775007409849516,0.11528195504768597,0.7078761366892863
B cells_PB380,0.1808427180154452,0.3085716105139607,0.3200518055881629,0.19053386588243126
B cells_PB381,0.07821547653589879,0.39569319410711373,0.26893235323782005,0.25715897611916744
T cells_PB382,0.016321925103417175,0.20037537266563338,0.23188282591854945,0.5514198763124
T cells_PB383,0.05574650676289269,0.19561184311062838,0.22866041547345445,0.5199812346530244
Monocytes_PB384,0.012919012174852482,0.8208704084016701,0.07906235908977084,0.08714822033370645
T cells_PB385,0.09052282415351694,0.16576074713784733,0.14938924228142214,0.5943271864272136
T cells_PB386,0.028000381221765396,0.17723744552211904,0.1389994454883618,0.6557627277677538
B cells_PB387,0.22162270186647434,0.23309643842526784,0.307320763525389,0.23796009618286898
Monocytes_PB388,0.11038891833276467,0.28637594452324855,0.31545348809761825,0.28778164904636855
NK cells_PB389,0.03157817828823859,0.13599344651137607,0.6222624975896244,0.21016587761076097
B cells_PB390,0.6277078115958493,0.08167238707606211,0.21610193066096223,0.0745178706671263
NK cells_PB391,0.018179599037442193,0.07976579060120911,0.7591662919809082,0.14288831838044033
NK cells_PB392,0.06150462485438166,0.27999141133888744,0.4338006823738633,0.2247032814328675
NK cells_PB393,0.14063754699256337,0.2661695207578627,0.37743070864163336,0.21576222360794045
Monocytes_PB394,0.004066857381176887,0.7339212292009661,0.16444605507877658,0.09756585833908031
NK cells_PB395,0.11316162027327269,0.30728085048612885,0.3774293728712083,0.2021281563693902
B cells_PB396,0.7219778187364719,0.0610542271205005,0.14390032827657603,0.0730676258664515
NK cells_PB397,0.024879395063596942,0.12572095532215963,0.680044492029999,0.16935515758424452
T cells_PB398,0.0943668220789914,0.27955792015117464,0.2576834328891326,0.3683918248807012
NK cells_PB399,0.06315477180690354,0.10090626990520775,0.6748794639101345,0.16105949437775413
Monocytes_PB400,0.006479145592739632,0.7316165887869224,0.0918703149007058,0.17003395071963223
B cells_PB401,0.06718235243615636,0.35279509094179307,0.319849141114282,0.26017341550776857
NK cells_PB402,0.021766687201826073,0.10567433889551514,0.7025672059892957,0.16999176791336315
T cells_PB403,0.10796755241179319,0.2992951700142226,0.17429575041098092,0.4184415271630032
Monocytes_PB404,0.00274101864448094,0.7539858080870311,0.1670581243732351,0.07621504889525288
NK cells_PB405,0.10261424132247624,0.28427407494430174,0.40024660150990327,0.21286508222331876
Monocytes_PB406,0.0037762667979751134,0.8351233260231853,0.08748156202364013,0.07361884515519945
Monocytes_PB407,0.09432742382382216,0.46370366221580595,0.2559151054125166,0.1860538085478552
T cells_PB408,0.13501662729568137,0.3786065165229261,0.36469363758640083,0.12168321859499173
B cells_PB409,0.704194453607755,0.09911151907876782,0.11927666742265895,0.07741735989081829
Monocytes_PB410,0.15839814601460936,0.20452889226108734,0.35600665788675284,0.28106630383755055
B cells_PB411,0.2152046172943794,0.29360466021713416,0.2933682766474709,0.19782244584101555
Monocytes_PB412,0.0,0.8752100144250319,0.07642788141264639,0.048362104162321735
Monocytes_PB413,0.0,0.8540877865886426,0.07712701944037902,0.06878519397097832
Monocytes_PB414,0.061161576418507474,0.57762994588511,0.2357716694055135,0.12543680829086903
B cells_PB415,0.4880442758648725,0.13529616898835858,0.24448507303076514,0.13217448211600372
T cells_PB416,0.12056188257880238,0.29478084517996883,0.20894234958460867,0.37571492265662015
NK cells_PB417,0.09805028490015277,0.32412235625350716,0.3883806355462226,0.18944672330011741
Monocytes_PB418,0.10085605833110463,0.4024148605891905,0.30269609222825034,0.1940329888514544
NK cells_PB419,0.035203031971409254,0.1778939392715944,0.57113783098349,0.21576519777350628
Monocytes_PB420,0.0,0.7216494668945496,0.13698543615999867,0.1413650969454518
T cells_PB421,0.02523749870631263,0.15573212521193322,0.16209938881321834,0.6569309872685358
T cells_PB422,0.02675868955256228,0.15671891938880378,0.13586618955706173,0.6806562015015721
B cells_PB423,0.02303010026849116,0.4146662878417075,0.2919502079283857,0.27035340396141566
NK cells_PB424,0.04740472573016586,0.24359523024006985,0.5037205254031338,0.20527951862663035
T cells_PB425,0.18498886359572406,0.3273866851146993,0.34898537627885146,0.13863907501072514
T cells_PB426,0.018043834118406744,0.22633250000880387,0.28268400883190764,0.47293965704088176
Monocytes_PB427,0.09532773604194693,0.4719498861767034,0.28227490436290636,0.15044747341844325
B cells_PB428,0.6805266749040751,0.08204243929417615,0.14468056798962253,0.09275031781212625
B cells_PB429,0.26785997143491713,0.24414297817299796,0.30812811049254435,0.17986893989954045
T cells_PB430,0.13283019067490007,0.34115157288261727,0.3169028722741475,0.2091153641683351
Monocytes_PB431,0.2364573040580087,0.24488797891068653,0.3097643478428592,0.20889036918844553
