,B cells,Monocytes,NK cells,T cells
NK cells_PB1,0.0,0.2780834550068651,0.37523989806769775,0.3466766469254371
B cells_PB2,0.9404384625809519,0.0521093480112267,0.00745218940782135,0.0
T cells_PB3,0.01376116683347105,0.35992808472301424,0.012543391720904733,0.61376735672261
B cells_PB4,0.8756951609078355,0.09428295445072603,0.00896362166391018,0.021058262977528247
NK cells_PB5,0.0,0.37707534110060653,0.10533400347277808,0.5175906554266154
NK cells_PB6,0.013049375715551577,0.3416739602231384,0.1329376265638106,0.5123390374974995
NK cells_PB7,0.041159562443880464,0.48504544667528565,0.044158443756232756,0.42963654712460114
B cells_PB8,0.9515437207654537,0.040154709238553854,0.004205033596079055,0.00409653639991337
T cells_PB9,0.006499464810553842,0.5325777573032827,0.0035690524472997845,0.45735372543886366
NK cells_PB10,0.0,0.09956059605691454,0.6817881657072699,0.21865123823581573
Monocytes_PB11,0.05101386530042315,0.09143655421809388,0.0,0.8575495804814829
T cells_PB12,0.01672142002022181,0.20719209227387028,0.0,0.7760864877059078
Monocytes_PB13,0.0,0.8351238774112472,0.002790799887375028,0.1620853227013779
NK cells_PB14,0.00570554068668683,0.3255015827092297,0.21524480671105053,0.45354806989303303
T cells_PB15,0.3882103488449274,0.5298398042249863,0.0,0.0819498469300863
T cells_PB16,0.22173342078854857,0.6604525436459505,0.0,0.11781403556550103
B cells_PB17,0.6211422485263806,0.1684259495320063,0.0,0.21043180194161323
B cells_PB18,0.792634104576109,0.10139157073554862,0.0,0.10597432468834235
Monocytes_PB19,0.010850529351367372,0.5907689952385783,0.0,0.39838047541005434
Monocytes_PB20,0.047500401735044724,0.3797534718289182,0.010262221356722598,0.5624839050793145
Monocytes_PB21,0.0,0.742916067410658,0.0,0.257083932589342
T cells_PB22,0.30076180187980767,0.6222901131313663,0.003929033366455393,0.07301905162237064
NK cells_PB23,0.0,0.3095417332443566,0.2998069759252982,0.39065129083034517
B cells_PB24,0.7242429754117182,0.1294834925957834,0.0,0.14627353199249832
NK cells_PB25,0.0,0.16600454600194975,0.5425657970763493,0.291429656921701
B cells_PB26,0.9279305906637411,0.048910592214585616,0.0,0.02315881712167336
Monocytes_PB27,0.09893625165071401,0.29218560410169614,0.0,0.6088781442475898
Monocytes_PB28,0.07607128282735177,0.6152882298742539,0.0005639771090406819,0.30807651018935367
B cells_PB29,0.8413559440722103,0.09942802463831421,0.0,0.059216031289475585
NK cells_PB30,0.009055830589116956,0.49655235815497833,0.04870204035222423,0.44568977090368034
B cells_PB31,0.8243974336228704,0.09033058883733966,0.0,0.08527197753978995
T cells_PB32,0.36691203562776986,0.5584220513177058,0.01012496157944019,0.06454095147508425
NK cells_PB33,0.00887535331146368,0.4367027746097761,0.05248880567439142,0.5019330664043689
T cells_PB34,0.020727248259347367,0.17586444931591033,0.0,0.8034083024247423
Monocytes_PB35,0.0020843675659426774,0.9332120634491937,0.005797386840396621,0.05890618214446697
NK cells_PB36,0.0075467430451647425,0.10118898974454456,0.8479544061247161,0.04330986108557465
NK cells_PB37,0.061344444607437,0.2530316176551346,0.3425945715356683,0.3430293662017601
T cells_PB38,0.2155518601575106,0.6885238366959491,0.008688391799977966,0.08723591134656236
NK cells_PB39,0.0,0.08237329640982341,0.7341613460385564,0.18346535755162013
NK cells_PB40,0.0,0.18868259690387998,0.5381606968724657,0.27315670622365434
Monocytes_PB41,0.24369710920185472,0.191970734954451,0.0,0.5643321558436942
T cells_PB42,0.16675170022340294,0.5058437408400831,0.00020803492831141098,0.32719652400820237
B cells_PB43,0.13612424712575058,0.4562902601122516,0.005101895235294286,0.4024835975267036
Monocytes_PB44,0.0,0.8571481634882876,0.0015537551060097227,0.14129808140570257
NK cells_PB45,0.01166336823439376,0.28507534998641154,0.2999008157112217,0.40336046606797293
B cells_PB46,0.8598964304490067,0.08935187676456915,0.0,0.05075169278642418
NK cells_PB47,0.003915512059392614,0.2577384603377179,0.3602652640721516,0.3780807635307379
Monocytes_PB48,0.0,0.6724376084394572,0.0,0.3275623915605429
Monocytes_PB49,0.0,0.6858973553668931,0.0,0.3141026446331069
NK cells_PB50,0.043443196601723195,0.2860204078507048,0.16317691146274563,0.5073594840848263
T cells_PB51,0.013682631480088877,0.16511394768264603,0.0,0.8212034208372652
Monocytes_PB52,0.0,0.7945596765137025,0.0,0.2054403234862975
Monocytes_PB53,0.0,0.8647919708580641,0.0,0.13520802914193591
NK cells_PB54,0.0,0.07199313222736389,0.9029680455650655,0.025038822207570647
Monocytes_PB55,0.0,0.7385312981140773,0.0,0.2614687018859227
B cells_PB56,0.9406699304864484,0.04739844254322455,0.007330501107245726,0.004601125863081199
NK cells_PB57,0.014820146662105672,0.38040398526608704,0.0764118547963634,0.5283640132754438
B cells_PB58,0.49174400939144935,0.2833927821140223,0.0,0.22486320849452837
Monocytes_PB59,0.17116350961246624,0.13711234940233138,0.0,0.6917241409852023
T cells_PB60,0.25626490922316225,0.5572558665558499,0.0,0.18647922422098778
Monocytes_PB61,0.0,0.5270285668307354,0.007843714441245311,0.4651277187280194
Monocytes_PB62,0.24729247973549953,0.3367762057941031,0.008343232420945252,0.4075880820494521
B cells_PB63,0.9485462892031487,0.04011691470178353,0.0,0.011336796095067757
T cells_PB64,0.12798078089402834,0.6093956925746353,0.0005734117933227609,0.26205011473801354
Monocytes_PB65,0.0147645510490039,0.4010159014278889,0.018232908321794594,0.5659866392013126
Monocytes_PB66,0.0,0.6788576582595585,0.0,0.32114234174044154
T cells_PB67,0.2758578280750212,0.6025359593394388,0.026926827517173516,0.09467938506836639
Monocytes_PB68,0.0,0.7899614419405567,0.0,0.21003855805944324
T cells_PB69,0.41592501247630714,0.5605417064102897,0.0,0.023533281113403068
T cells_PB70,0.019114745620343526,0.14003410257521062,0.0,0.8408511518044459
NK cells_PB71,0.005039214711593938,0.08692613172791006,0.8440649733231752,0.0639696802373207
T cells_PB72,0.3517624857463077,0.5441929136268222,0.0,0.10404460062687011
T cells_PB73,0.397447446217584,0.6025525537824161,0.0,0.0
B cells_PB74,0.9375634340822839,0.05507224176974928,0.003485595905271533,0.0038787282426953383
Monocytes_PB75,0.0,0.7608235238839637,0.0,0.2391764761160363
B cells_PB76,0.8939324248893312,0.05768307542725369,0.0,0.04838449968341512
T cells_PB77,0.018630645860488335,0.3468207602683467,0.006010022957705553,0.6285385709134594
NK cells_PB78,0.0,0.4584928354939832,0.06162900909880392,0.4798781554072129
NK cells_PB79,0.03217395402365836,0.34115454123230426,0.37213828685823513,0.25453321788580224
T cells_PB80,0.19675022694417565,0.6961759219459763,0.011298520108170507,0.09577533100167733
B cells_PB81,0.9508535770788666,0.04322721127688067,0.005919211644252723,0.0
T cells_PB82,0.1703682006437862,0.3736006935939904,0.0,0.45603110576222333
T cells_PB83,0.1727115344252965,0.6288523535902262,0.0,0.19843611198447733
B cells_PB84,0.28075268139396997,0.32638141837941603,0.006572924389025292,0.38629297583758865
T cells_PB85,0.29039143314089355,0.5140772885974483,0.0,0.19553127826165817
B cells_PB86,0.7050405000242537,0.12509503499054628,0.0,0.16986446498520008
B cells_PB87,0.8993824669468719,0.05837227126238168,0.0,0.0422452617907464
B cells_PB88,0.8550280860849242,0.07072401718014758,0.0,0.07424789673492826
T cells_PB89,0.045755967555507336,0.15003750781998948,0.0,0.8042065246245031
T cells_PB90,0.05076036982928754,0.590171806021637,0.0,0.35906782414907557
B cells_PB91,0.34672691226001195,0.2841622389264725,0.0,0.36911084881351547
T cells_PB92,0.18927494566058226,0.24597415682886103,0.0,0.5647508975105567
B cells_PB93,0.9242392261713294,0.06067527351473459,0.002241931130000064,0.012843569183935968
T cells_PB94,0.007714613470342281,0.4842447627227598,0.027837473601097687,0.48020315020580023
B cells_PB95,0.9028158905904529,0.06144946718456829,0.0037921795784337585,0.03194246264654507
NK cells_PB96,0.007862489578720724,0.18915797281859356,0.5786756418341847,0.22430389576850102
B cells_PB97,0.8004589571318295,0.10399490890886831,0.0,0.0955461339593022
T cells_PB98,0.1842054105220479,0.5275300106333698,0.0033118706979313756,0.2849527081466509
B cells_PB99,0.22506530833042393,0.3099594705442322,0.0,0.4649752211253439
NK cells_PB100,0.002114524288362379,0.37668933655876446,0.06577751956112093,0.5554186195917523
Monocytes_PB101,0.22236843085558414,0.09456660866422623,0.0,0.6830649604801896
T cells_PB102,0.017299381188399347,0.46761597782802866,0.007707874990572707,0.5073767659929993
T cells_PB103,0.16419376551638645,0.5851808503385112,0.0055116279772733584,0.24511375616782913
Monocytes_PB104,0.0,0.660971542321268,0.0,0.339028457678732
Monocytes_PB105,0.0,0.8693996115782707,0.006453727556492376,0.12414666086523683
Monocytes_PB106,0.010069851917537835,0.3568520858110148,0.007507835783715244,0.6255702264877321
B cells_PB107,0.7601187799427028,0.11696514725994947,0.0,0.12291607279734773
T cells_PB108,0.06942980847494887,0.2991963553096191,0.0,0.631373836215432
Monocytes_PB109,0.2539477785737957,0.22259664669676585,0.0,0.5234555747294385
NK cells_PB110,0.0,0.4015380501707035,0.06023005597623861,0.5382318938530579
B cells_PB111,0.6775617204131261,0.1677943635994249,0.0,0.1546439159874489
B cells_PB112,0.35007635368005907,0.36344323921233296,0.0,0.28648040710760797
B cells_PB113,0.9576478680879152,0.0385197222550497,0.00383240965703509,0.0
B cells_PB114,0.9201871853634374,0.043697113398558536,0.0,0.03611570123800419
Monocytes_PB115,0.0,0.7123537196784002,0.0,0.28764628032159983
Monocytes_PB116,0.0,0.8819457286724193,0.0,0.11805427132758069
T cells_PB117,0.023831137932814456,0.2851561983431622,0.010434661827817904,0.6805780018962054
T cells_PB118,0.008565564792571034,0.7788918689388596,0.0,0.2125425662685693
B cells_PB119,0.9436207954274257,0.04827956781025512,0.001523667405149427,0.006575969357169708
Monocytes_PB120,0.0002828301551924886,0.6684508015573343,0.0,0.33126636828747336
T cells_PB121,0.02309845999898217,0.278711117869809,0.0024430650602783022,0.6957473570709306
Monocytes_PB122,0.0,0.9032656292040063,0.014255341640047662,0.08247902915594606
T cells_PB123,0.2427040615713482,0.583359323520555,0.0,0.17393661490809675
T cells_PB124,0.2938977458722257,0.6081535722777135,0.01770243302087994,0.08024624882918079
Monocytes_PB125,0.2260565770973799,0.3006705795041703,0.0,0.47327284339844966
B cells_PB126,0.7603901274261152,0.1282272509249662,0.0027650820681489165,0.10861753958076963
B cells_PB127,0.940541559354164,0.053242691296037134,0.006215749349799022,0.0
Monocytes_PB128,0.0,0.8451790713385778,0.0,0.1548209286614222
B cells_PB129,0.03780357690111451,0.458310003660163,0.0072728438663859675,0.49661357557233654
Monocytes_PB130,0.0033095760873240983,0.673140245571796,0.0,0.3235501783408799
Monocytes_PB131,0.0,0.5497727382184694,0.013322281349406936,0.4369049804321237
B cells_PB132,0.5661907523708235,0.19336009737669776,0.0,0.24044915025247884
NK cells_PB133,0.03190989734157025,0.3262957384729402,0.09022440651044136,0.5515699576750482
B cells_PB134,0.715548309697781,0.13741123302253938,0.0,0.1470404572796796
Monocytes_PB135,0.0031556874367185393,0.9083974752006032,0.016891013209524686,0.07155582415315356
NK cells_PB136,0.00011492521814138742,0.2653082447236918,0.388392657219283,0.3461841728388838
Monocytes_PB137,0.0,0.643459700451941,0.0,0.356540299548059
Monocytes_PB138,0.0,0.7423036069419057,0.0,0.25769639305809433
NK cells_PB139,0.0,0.2590223333956936,0.37161327489547835,0.3693643917088281
NK cells_PB140,0.004209008999571938,0.07480616565906648,0.9209848253413616,0.0
NK cells_PB141,0.0036401841203842888,0.04742297374609946,0.9331658921376663,0.015770949995849964
Monocytes_PB142,0.01995165290470451,0.36926920735103097,0.011332342257175438,0.5994467974870891
NK cells_PB143,0.0,0.19849166918038844,0.5401174279002654,0.26139090291934614
Monocytes_PB144,0.05200620941015427,0.4479557043892543,0.0038712903055490794,0.4961667958950423
T cells_PB145,0.20367288476137943,0.5738837841670966,0.0,0.22244333107152392
T cells_PB146,0.35623362228331584,0.6202604489334705,0.02236304052383786,0.0011428882593757408
NK cells_PB147,0.0,0.12653975305128076,0.7061215363724873,0.16733871057623187
Monocytes_PB148,0.0,0.6801739257859482,0.0,0.31982607421405185
Monocytes_PB149,0.18058397051299033,0.1400806990865305,0.0,0.6793353304004792
NK cells_PB150,0.0,0.3300534693881551,0.27538273332355445,0.3945637972882904
B cells_PB151,0.9590513004175787,0.04094869958242135,0.0,0.0
NK cells_PB152,0.03218548746648128,0.3331820468606373,0.2079944145048865,0.42663805116799497
T cells_PB153,0.22859392526854236,0.6646564088377762,0.0,0.10674966589368139
Monocytes_PB154,0.018835593881447028,0.6143257929607852,0.0,0.3668386131577679
B cells_PB155,0.9628260915495437,0.03717390845045634,0.0,0.0
T cells_PB156,0.31673946774812145,0.5716505891266328,0.0,0.11160994312524562
NK cells_PB157,0.006283438636264922,0.10211067406272584,0.8053710665340643,0.0862348207669449
T cells_PB158,0.011480118738161404,0.3348652600360822,0.020545254404269294,0.6331093668214871
NK cells_PB159,0.0,0.3956640734146682,0.22815671786159858,0.37617920872373334
NK cells_PB160,0.0,0.07990647060224852,0.7348333204485108,0.1852602089492407
B cells_PB161,0.7192709216086911,0.11187753563221017,0.0,0.16885154275909875
NK cells_PB162,0.0,0.1226110977039753,0.6666120702344105,0.21077683206161424
T cells_PB163,0.0,0.4779525556870219,0.01870168283611349,0.5033457614768646
NK cells_PB164,0.0,0.1355948497933437,0.5874776416628269,0.27692750854382936
Monocytes_PB165,0.2001879793774765,0.1754036223560093,0.0,0.6244083982665143
Monocytes_PB166,0.0,0.8127998965672565,0.0,0.18720010343274351
T cells_PB167,0.2392120279606272,0.5606900398279616,0.0,0.20009793221141106
Monocytes_PB168,0.10766795112306139,0.28641404773430995,0.002054600442838011,0.6038634006997906
Monocytes_PB169,0.16049074964517757,0.1411637599452163,0.0,0.6983454904096061
B cells_PB170,0.8125594077874176,0.10965328958693267,0.0,0.07778730262564962
Monocytes_PB171,0.0,0.7464892896446959,0.0,0.25351071035530415
Monocytes_PB172,0.17763523458024064,0.10974809291962412,0.0,0.7126166725001353
B cells_PB173,0.8359495712147261,0.09242702891196733,0.0,0.07162339987330654
NK cells_PB174,0.0,0.3041432028813049,0.25213496668039165,0.44372183043830343
NK cells_PB175,0.010305613566793942,0.1149902875680101,0.6794175899766222,0.19528650888857377
Monocytes_PB176,0.01772212016019797,0.24999382807864204,0.03223681150130841,0.7000472402598517
Monocytes_PB177,0.0,0.7534964910989042,0.0,0.2465035089010959
Monocytes_PB178,0.006896776835881245,0.5457451451566632,0.006987104446831775,0.44037097356062377
NK cells_PB179,0.0049550782329698334,0.10089526941842777,0.8898610260189994,0.004288626329603033
Monocytes_PB180,0.2763784298613032,0.1778255414641805,0.0,0.5457960286745164
T cells_PB181,0.29541419898393634,0.529241804993801,0.0,0.17534399602226264
NK cells_PB182,0.019156948368475313,0.35999198190508347,0.08415979663886197,0.5366912730875792
NK cells_PB183,0.005192504176541426,0.05751820758210731,0.9027887436262038,0.0345005446151476
B cells_PB184,0.9484948110803525,0.04109439560946576,0.005904637749024435,0.004506155561157287
T cells_PB185,0.20672422350296418,0.6122939107379175,0.0,0.1809818657591182
Monocytes_PB186,0.0,0.7398318058548119,0.0,0.2601681941451882
B cells_PB187,0.9435733066884783,0.05642669331152176,0.0,0.0
T cells_PB188,0.05631422203633906,0.5200153905830572,0.00843486682442276,0.4152355205561809
B cells_PB189,0.8169774106534453,0.09054320176640557,0.0,0.09247938758014908
NK cells_PB190,0.0,0.3380931315547312,0.2159342502947026,0.4459726181505662
B cells_PB191,0.26735743552032876,0.3050589086143226,0.0,0.4275836558653487
T cells_PB192,0.057686914364016656,0.2058202876700287,0.0,0.7364927979659546
B cells_PB193,0.9478936375067941,0.050215543600060496,0.0018908188931453216,0.0
Monocytes_PB194,0.0,0.7497338375419359,0.0,0.25026616245806405
B cells_PB195,0.6628780708771612,0.13205931553744008,0.0,0.20506261358539862
B cells_PB196,0.7126756531347347,0.12328143189733652,0.0,0.16404291496792883
B cells_PB197,0.9089213358804235,0.06236138718189246,0.0,0.02871727693768407
B cells_PB198,0.9473585562388859,0.04970795485141625,0.0029334889096979118,0.0
NK cells_PB199,0.006832591817963442,0.08029222390214252,0.8621073454967597,0.050767838783134456
B cells_PB200,0.933104143162277,0.06441668076965527,0.0,0.0024791760680677754
T cells_PB201,0.13447210676937357,0.32967210612342246,0.004646158096447928,0.531209629010756
Monocytes_PB202,0.3086034896996387,0.15408710629487302,0.0,0.5373094040054883
NK cells_PB203,0.0001190178754113071,0.405250970625092,0.12577867726652986,0.4688513342329669
T cells_PB204,0.011853036771750976,0.20044353736302378,0.011248121320057236,0.776455304545168
B cells_PB205,0.8537378216291526,0.08531012305369076,0.0,0.06095205531715667
B cells_PB206,0.16403880348872227,0.38996292487869594,0.01862164248483949,0.42737662914774227
T cells_PB207,0.25642986413195407,0.6718519491711888,0.008607836810465638,0.06311034988639144
T cells_PB208,0.010549997032000673,0.4373984044549321,0.021009643091853564,0.5310419554212136
Monocytes_PB209,0.24626374325991315,0.08450396757422547,0.0,0.6692322891658613
Monocytes_PB210,0.1903157874529489,0.20778892196502144,0.0,0.6018952905820296
T cells_PB211,0.1735195631873336,0.43677297206443205,0.007112751367443121,0.3825947133807912
NK cells_PB212,0.0,0.12823868482108505,0.7176604727327384,0.1541008424461767
Monocytes_PB213,0.0,0.7410030659229738,0.0,0.2589969340770262
B cells_PB214,0.503645860886808,0.21060160943208836,0.0,0.2857525296811037
Monocytes_PB215,0.0,0.7744552387274728,0.0,0.22554476127252726
T cells_PB216,0.29545266882443955,0.5628072690904706,0.0,0.14174006208508982
NK cells_PB217,0.006620822951364025,0.2565422288130947,0.33173046758876396,0.4051064806467774
B cells_PB218,0.8842892894588978,0.07401740182886446,0.0062578367306411605,0.035435471981596633
T cells_PB219,0.06170297041232496,0.44155084257858995,0.0054387583188907004,0.49130742869019434
Monocytes_PB220,0.0,0.8208496975583982,0.0,0.17915030244160182
B cells_PB221,0.8447073617241784,0.08606796201226478,0.004187502576755578,0.06503717368680112
B cells_PB222,0.8257798198165982,0.11175463619911588,0.0037128397876374382,0.05875270419664847
B cells_PB223,0.28218465978236873,0.34806078417824854,0.0,0.3697545560393828
Monocytes_PB224,0.043606017144654466,0.499869060647188,0.0,0.4565249222081576
T cells_PB225,0.3222764517476053,0.5465371089289708,0.0,0.131186439323424
B cells_PB226,0.5916752977449112,0.21212072701681223,0.0,0.19620397523827654
NK cells_PB227,0.0,0.06940674351087744,0.9010729736867352,0.029520282802387363
Monocytes_PB228,0.0400775481148514,0.5628530505675476,0.0054493572334294695,0.3916200440841714
T cells_PB229,0.011759859744468307,0.2185917604565724,0.006331069355298498,0.7633173104436609
B cells_PB230,0.8985121581468787,0.06294706967715881,0.0,0.038540772175962475
T cells_PB231,0.02641154962936623,0.24846338710343394,0.0,0.7251250632671997
T cells_PB232,0.03911229337607506,0.5520412090890838,0.005851140151381237,0.4029953573834598
Monocytes_PB233,0.0,0.6921523663212245,0.0,0.30784763367877555
B cells_PB234,0.8114808316207348,0.09369196443316699,0.0,0.09482720394609817
B cells_PB235,0.47729164858260426,0.26546851411869127,0.0,0.2572398372987044
T cells_PB236,0.008735819849025474,0.3992952430577204,0.013585285575780698,0.5783836515174734
Monocytes_PB237,0.03548536328771862,0.38883891710031804,0.004877254805698108,0.5707984648062652
Monocytes_PB238,0.20919203650698226,0.1144822485472801,0.0,0.6763257149457376
NK cells_PB239,0.012114579195833714,0.15664282117224626,0.7174528654580528,0.1137897341738673
T cells_PB240,0.2741827679851658,0.6287305455010949,0.0,0.09708668651373925
Monocytes_PB241,0.0,0.9249553629906265,0.015789894613141328,0.059254742396232095
NK cells_PB242,0.012019053834298604,0.07841910136773801,0.8986449580557693,0.010916886742194095
T cells_PB243,0.022757040113505995,0.19399563930100439,0.00966146535975244,0.7735858552257371
T cells_PB244,0.27973890119214145,0.5145242840417616,0.0,0.20573681476609676
Monocytes_PB245,0.33205390912606836,0.07800522319639572,0.0,0.589940867677536
T cells_PB246,0.026801215831803,0.16891699900392093,0.0,0.8042817851642761
B cells_PB247,0.7637597142436499,0.11290351505540314,0.0,0.123336770700947
B cells_PB248,0.9544287179336473,0.04557128206635271,0.0,0.0
NK cells_PB249,0.000998785423424711,0.055261606931175065,0.9113850006334081,0.032354607011992165
T cells_PB250,0.024782490370702636,0.2527536786179541,0.0,0.7224638310113431
