"","NK cells","T cells","Monocytes","B cells"
"NK cells_PB1",0.285808689189315,0.436775417387537,0.26226292857388,0.0151529648492684
"B cells_PB2",0.0146262152466741,0.123033984723063,0.111983893347712,0.750355906682551
"T cells_PB3",0,0.702249988559843,0.27154839824605,0.0262016131941072
"B cells_PB4",0.00713489810672137,0.237755657873717,0.201228580554275,0.553880863465287
"NK cells_PB5",0.133557173521553,0.577665156036481,0.268393244458384,0.0203844259835821
"NK cells_PB6",0.164105667919309,0.541882411954449,0.281669410028643,0.0123425100975988
"NK cells_PB7",0.0859016877692531,0.496090642563102,0.349156215233106,0.0688514544345388
"B cells_PB8",0.00892597189004483,0.174202033602637,0.0894170694728533,0.727454925034464
"T cells_PB9",0,0.615261502960755,0.351700708528435,0.0330377885108099
"NK cells_PB10",0.451884054402666,0.361397275418487,0.152267367054991,0.0344513031238555
"Monocytes_PB11",0.0227230633866171,0.793187187359845,0.100153660607414,0.0839360886461242
"T cells_PB12",0.0058909751711624,0.809630613809663,0.184478411019174,0
"Monocytes_PB13",0.0203334466601135,0.298362917050005,0.681303636289881,0
"NK cells_PB14",0.217114038197849,0.482120465699502,0.259865432057711,0.0409000640449382
"T cells_PB15",0.0295218888824521,0.320316091562102,0.495666114006878,0.154495905548568
"T cells_PB16",0.0474208369003969,0.299075429613588,0.577485818772126,0.0760179147138895
"B cells_PB17",0.00918370638608484,0.451875884294043,0.238468609059055,0.300471800260817
"B cells_PB18",0,0.304351444424336,0.202292134458188,0.493356421117477
"Monocytes_PB19",0,0.585711915301014,0.390305905493627,0.0239821792053599
"Monocytes_PB20",0,0.662008487898197,0.299931040335829,0.0380604717659732
"Monocytes_PB21",0.00455909890712787,0.451760496417868,0.524071719496682,0.019608685178323
"T cells_PB22",0.0816793929577196,0.253265825849876,0.584623661186263,0.0804311200061413
"NK cells_PB23",0.252092699399411,0.445284829796196,0.294223906948154,0.00839856385623933
"B cells_PB24",0.0163764361480204,0.400031130979848,0.212478153239362,0.371114279632769
"NK cells_PB25",0.35461738924971,0.425403541667002,0.196389746976126,0.0235893221071624
"B cells_PB26",0.00255112446789533,0.219105536525307,0.106231078794621,0.672112260212177
"Monocytes_PB27",0.00759504095548409,0.671373714196816,0.26082321458022,0.0602080302674794
"Monocytes_PB28",0.00234250640303305,0.489970171472524,0.449792081468577,0.0578952406558658
"B cells_PB29",0.0203550093316949,0.213812117149208,0.234664978532147,0.531167894986951
"NK cells_PB30",0.104237620457241,0.501395564955661,0.370497961560906,0.0238688530261925
"B cells_PB31",0.0110825360584083,0.272380378559221,0.218988622672577,0.497548462709794
"T cells_PB32",0.0519072513397843,0.253357117546508,0.525529113431403,0.169206517682305
"NK cells_PB33",0.101377385153184,0.523257808307837,0.333698568023248,0.0416662385157307
"T cells_PB34",0.00249239142248004,0.828521930479065,0.165728331832655,0.00325734626579948
"Monocytes_PB35",0.00340486612627269,0.203671001644119,0.792924132229608,0
"NK cells_PB36",0.563723762569869,0.272254275929663,0.160828551972638,0.00319340952783027
"NK cells_PB37",0.276607101042817,0.442692357091462,0.256535830031316,0.0241647118344041
"T cells_PB38",0.0835917659035595,0.195753387299924,0.590996876341196,0.12965797045532
"NK cells_PB39",0.472576954787067,0.364252327271044,0.157786533215649,0.00538418472624049
"NK cells_PB40",0.349911785463421,0.407892978263475,0.216713070187337,0.0254821660857676
"Monocytes_PB41",0.00335243072015449,0.690395888795464,0.20265508213974,0.103596598344641
"T cells_PB42",0.00810496655828145,0.539081940217652,0.384761564206574,0.0680515290174924
"B cells_PB43",0.00147237001048817,0.591638410510569,0.344177713579626,0.0627115058993165
"Monocytes_PB44",0.000519854290170994,0.294032523218875,0.705447622490954,0
"NK cells_PB45",0.281612496151528,0.425269932655014,0.244850913360043,0.0482666578334155
"B cells_PB46",0,0.251552973912805,0.190342368432283,0.558104657654912
"NK cells_PB47",0.259425093273648,0.455809235187323,0.239895586977523,0.0448700845615056
"Monocytes_PB48",0.00286723504988636,0.492047447514002,0.49592076562503,0.00916455181108142
"Monocytes_PB49",0.000745860642765236,0.479060630533177,0.491033622537035,0.0291598862870227
"NK cells_PB50",0.22110174743015,0.482221694354704,0.269124882353365,0.0275516758617808
"T cells_PB51",0.00175069996191776,0.832636953723884,0.151995686965747,0.0136166593484512
"Monocytes_PB52",0.00825279944040656,0.335104510497728,0.652197958948975,0.00444473111288954
"Monocytes_PB53",0.00223049955775183,0.243498638022456,0.754270862419792,0
"NK cells_PB54",0.615050998346711,0.26838718571097,0.112506720463814,0.00405509547850456
"Monocytes_PB55",0.00708009854448176,0.440744080391787,0.517259649854019,0.0349161712097126
"B cells_PB56",0,0.171960949098068,0.10730565703435,0.720733393867582
"NK cells_PB57",0.12486395011206,0.5348581759635,0.28563520848038,0.0546426654440589
"B cells_PB58",0.00988361344344811,0.442540065883796,0.323502233610144,0.224074087062612
"Monocytes_PB59",0.0249607711084402,0.732279538999017,0.137973763681097,0.104785926211446
"T cells_PB60",0.01945756290875,0.390844918301532,0.488463954378219,0.101233564411499
"Monocytes_PB61",0.00944996901144448,0.615423072447078,0.361652580445727,0.013474378095751
"Monocytes_PB62",0.0242575560065488,0.593561382598534,0.29144656135182,0.0907345000430975
"B cells_PB63",0.00322008819955882,0.201177531128177,0.111656162855762,0.683946217816502
"T cells_PB64",0.0300559284242166,0.412263241692617,0.4504224108618,0.107258419021366
"Monocytes_PB65",0.0122301046658129,0.656916613854047,0.281937338137423,0.0489159433427169
"Monocytes_PB66",0.00341205908111671,0.519541014099039,0.470914090625363,0.00613283619448138
"T cells_PB67",0.0834482697605673,0.295667166282439,0.511743692830486,0.109140871126508
"Monocytes_PB68",0,0.307774161975356,0.674823659278148,0.0174021787464959
"T cells_PB69",0.0474489466046081,0.209083634586169,0.58512915695675,0.158338261852473
"T cells_PB70",0.00294813864275671,0.869844787789739,0.1074290540204,0.0197780195471039
"NK cells_PB71",0.572468546076125,0.282289273129441,0.140828597814529,0.00441358297990578
"T cells_PB72",0.0410587657780325,0.29020170341291,0.52321157179718,0.145527959011877
"T cells_PB73",0.0575481628868907,0.167195196714025,0.632227603625874,0.14302903677321
"B cells_PB74",0.00437758924302261,0.167526044116836,0.133697667520665,0.694398699119476
"Monocytes_PB75",0.0180471414061335,0.385905772775704,0.590423856410161,0.00562322940800163
"B cells_PB76",0.0105680483181175,0.249223509521865,0.13540250980057,0.604805932359447
"T cells_PB77",0,0.711513695389645,0.245883357334423,0.0426029472759317
"NK cells_PB78",0.124713007691822,0.548023720316049,0.327263271992129,0
"NK cells_PB79",0.274732330071436,0.40731460237845,0.284095709521948,0.0338573580281663
"T cells_PB80",0.0741005801058987,0.220585919858365,0.607202995067981,0.098110504967755
"B cells_PB81",0.00851859564515579,0.16332433387986,0.110609332543751,0.717547737931233
"T cells_PB82",0,0.621645749079853,0.298063631360112,0.0802906195600354
"T cells_PB83",0.0186166170521791,0.433909617681614,0.489889715878579,0.0575840493876279
"B cells_PB84",0.0114773677497406,0.571281498709476,0.301107567482848,0.116133566057935
"T cells_PB85",0.0433169250632063,0.390748347203569,0.433527450497262,0.132407277235963
"B cells_PB86",0.00757830571641484,0.424611071091093,0.242992253172023,0.324818370020469
"B cells_PB87",0.0121805256825612,0.233857026900091,0.143673801630175,0.610288645787173
"B cells_PB88",0.00605008199503024,0.259555770882936,0.173253258220452,0.561140888901581
"T cells_PB89",0.0038107914616163,0.814642126795588,0.134826481225944,0.0467206005168514
"T cells_PB90",0.0201849045394891,0.507235158662835,0.414669410527397,0.0579105262702786
"B cells_PB91",0,0.568585716333143,0.277156966490066,0.154257317176791
"T cells_PB92",0.0125077425671606,0.676666230176381,0.238791982023776,0.0720340452326823
"B cells_PB93",0.0157301113591528,0.176049557716169,0.153101159671026,0.655119171253652
"T cells_PB94",0.0360758206680377,0.580353678095985,0.339617358889134,0.043953142346844
"B cells_PB95",0,0.2069663944749,0.157403386305622,0.635630219219478
"NK cells_PB96",0.36013496249212,0.384939827199208,0.208281576621972,0.0466436336866999
"B cells_PB97",0.0118575710055437,0.303180207548959,0.217559302006778,0.467402919438719
"T cells_PB98",0.0289866831859038,0.498423025531032,0.39951655336685,0.0730737379162143
"B cells_PB99",0,0.644176653444271,0.273988874500384,0.0818344720553446
"NK cells_PB100",0.131987913118895,0.566423700700009,0.264246397306335,0.0373419888747603
"Monocytes_PB101",0.00973151398155479,0.765304470119218,0.106456872505972,0.118507143393256
"T cells_PB102",0.00664794918756593,0.641348479092327,0.32386251480822,0.0281410569118867
"T cells_PB103",0.0544589420355723,0.444540027202254,0.430699374584553,0.0703016561776199
"Monocytes_PB104",0.00487937936501421,0.507303959785118,0.462024234123674,0.0257924267261933
"Monocytes_PB105",0.016383130989671,0.231722423991107,0.751894445019222,0
"Monocytes_PB106",0.00205444381644352,0.71362324842527,0.264103979984376,0.0202183277739098
"B cells_PB107",0.0224087521700711,0.363759819025365,0.229765825089733,0.384065603714831
"T cells_PB108",0.000206617245255734,0.700957107645667,0.232324318774241,0.0665119563348362
"Monocytes_PB109",0.00571833515204401,0.68749437602002,0.222335585440641,0.0844517033872946
"NK cells_PB110",0.0879266347381526,0.60240523625334,0.289129093310353,0.0205390356981541
"B cells_PB111",0,0.430502621072772,0.254533273975028,0.3149641049522
"B cells_PB112",0.00157455177779588,0.510831877511784,0.314732904106858,0.172860666603562
"B cells_PB113",0.00202372718415147,0.136181259652085,0.0960168193141435,0.76577819384962
"B cells_PB114",0.0241496944020463,0.185353778321431,0.117974737545278,0.672521789731244
"Monocytes_PB115",0.00690000656051859,0.47221786211488,0.515682208755016,0.00519992256958578
"Monocytes_PB116",0.0191226229061603,0.257401405290232,0.723475971803608,0
"T cells_PB117",0.00360720742748969,0.74469924851855,0.225454827975716,0.0262387160782438
"T cells_PB118",0.0532772927231726,0.276451327034076,0.603771573310592,0.0664998069321593
"B cells_PB119",0,0.162061485398884,0.0965123631682802,0.741426151432836
"Monocytes_PB120",0.0161227187603047,0.461075830481808,0.488563638667653,0.0342378120902343
"T cells_PB121",0,0.737289399802856,0.226697594381154,0.0360130058159895
"Monocytes_PB122",0.00986609708605845,0.222389097509138,0.767744805404803,0
"T cells_PB123",0.0302413433916364,0.39858250934434,0.493181896355642,0.0779942509083816
"T cells_PB124",0.0797241684057991,0.213374595719991,0.563448426688582,0.143452809185628
"Monocytes_PB125",0,0.652388426078709,0.275362792617934,0.0722487813033574
"B cells_PB126",0.0157374555798935,0.336458568342568,0.237490163695385,0.410313812382154
"B cells_PB127",0.00925133302749924,0.189519162490835,0.147590609665807,0.653638894815859
"Monocytes_PB128",0.00411681621022899,0.272459010635575,0.678744100769455,0.0446800723847413
"B cells_PB129",0.0209393513485436,0.603660386453151,0.340678362310542,0.0347218998877633
"Monocytes_PB130",0.0058737743510663,0.481737705830503,0.482951518440739,0.0294370013776918
"Monocytes_PB131",0.019886274449144,0.573158604262689,0.390655380671663,0.0162997406165037
"B cells_PB132",0.00306191320535967,0.512011990787945,0.242560962519066,0.24236513348763
"NK cells_PB133",0.13006651395862,0.561319770016402,0.274722131710692,0.0338915843142867
"B cells_PB134",0.0363918264810238,0.41354627555661,0.208200643309095,0.341861254653271
"Monocytes_PB135",0.00209302177902977,0.239076855884306,0.758830122336664,0
"NK cells_PB136",0.293906227355236,0.443938476787611,0.244984549010107,0.0171707468470469
"Monocytes_PB137",0.00150297037902544,0.514807991733933,0.46095674297477,0.0227322949122716
"Monocytes_PB138",0.0105510471825625,0.434438655590299,0.555010297227139,0
"NK cells_PB139",0.271656087886498,0.451715676530136,0.252976202769112,0.0236520328142544
"NK cells_PB140",0.693930754120612,0.186371969311323,0.118972486184192,0.000724790383872036
"NK cells_PB141",0.724352520557802,0.204280378984933,0.0679001565840889,0.00346694387317659
"Monocytes_PB142",0.00956703966585254,0.687165886228811,0.269225346942546,0.0340417271627902
"NK cells_PB143",0.378316820989102,0.371350165641972,0.240626688305446,0.00970632506348136
"Monocytes_PB144",0.00197413158254237,0.610481464133807,0.309594513151753,0.0779498911318976
"T cells_PB145",0.0351465794936129,0.421333531723857,0.449758442909038,0.0937614458734929
"T cells_PB146",0.0865405062727675,0.175974014076333,0.611222766326078,0.126262713324821
"NK cells_PB147",0.432800088498978,0.359704626201174,0.186290225207017,0.0212050600928312
"Monocytes_PB148",0.00269116285553673,0.502828776503022,0.469421172115005,0.025058888526437
"Monocytes_PB149",0.00733126655549583,0.810779249449895,0.118501229309136,0.0633882546854732
"NK cells_PB150",0.272808939373744,0.431603005200615,0.290522917018223,0.00506513840741843
"B cells_PB151",0.0143720253505506,0.134318303002109,0.108611111918956,0.742698559728385
"NK cells_PB152",0.241511374863169,0.431728751514243,0.265191761877444,0.0615681117451443
"T cells_PB153",0.0551845325190089,0.226305748913926,0.596897257854741,0.121612460712324
"Monocytes_PB154",0.0117652966707066,0.539431099282522,0.430051082156867,0.0187525218899041
"B cells_PB155",0,0.103960561733016,0.0880424238059595,0.807997014461025
"T cells_PB156",0.0415626483139099,0.334456257812327,0.504989677564549,0.118991416309214
"NK cells_PB157",0.493062973030449,0.342582191280211,0.15480043340816,0.00955440228117969
"T cells_PB158",0.00392090120386572,0.721233597860001,0.248105368012468,0.0267401329236658
"NK cells_PB159",0.215189947985209,0.497274643033485,0.287535408981306,0
"NK cells_PB160",0.554564129599565,0.277265505829957,0.148085951144318,0.0200844134261604
"B cells_PB161",0.00348617897659388,0.452935141497009,0.207716876453869,0.335861803072528
"NK cells_PB162",0.474864567989226,0.325182867437277,0.187725828315979,0.012226736257518
"T cells_PB163",0.0367994446697728,0.59580602045174,0.367394534878487,0
"NK cells_PB164",0.402685607142382,0.386784205501303,0.195543852723249,0.0149863346330658
"Monocytes_PB165",0.00437289086509018,0.745282236258872,0.162662894424209,0.0876819784518286
"Monocytes_PB166",0.00500581167900324,0.315333322678436,0.67966086564256,0
"T cells_PB167",0.0128856478825298,0.425474073206656,0.449771655948018,0.111868622962796
"Monocytes_PB168",0.0102642232312904,0.69219992994893,0.25807781780598,0.0394580290137997
"Monocytes_PB169",0.00242579799877377,0.747644766628916,0.126996113973237,0.122933321399073
"B cells_PB170",0.00762153466125264,0.268014504428232,0.218728089152799,0.505635871757716
"Monocytes_PB171",0.0027230910431882,0.406486701164915,0.586619247928816,0.00417095986308095
"Monocytes_PB172",0.00294471587003143,0.81542835763216,0.103996615010385,0.0776303114874228
"B cells_PB173",0.0124332510936765,0.256764167120217,0.228018762820831,0.502783818965275
"NK cells_PB174",0.22117750915092,0.49463643580813,0.271226472225614,0.0129595828153364
"NK cells_PB175",0.451860795787908,0.372257969030592,0.167712397214144,0.00816883796735618
"Monocytes_PB176",0.0679349721840914,0.668615925711269,0.211171889657577,0.052277212447063
"Monocytes_PB177",0.0160094065006425,0.413696111606736,0.567891288002858,0.00240319388976322
"Monocytes_PB178",0.00633252898543187,0.591328096328597,0.383979815465205,0.0183595592207664
"NK cells_PB179",0.683752330500679,0.166619165278149,0.147006399161618,0.0026221050595545
"Monocytes_PB180",0.00164276729420163,0.724239234026877,0.191285089398213,0.0828329092807089
"T cells_PB181",0.0655524900713205,0.354491792809192,0.479535909840775,0.100419807278713
"NK cells_PB182",0.124080178671158,0.541257169036952,0.263029287607868,0.0716333646840219
"NK cells_PB183",0.639698995521446,0.23978965699991,0.117933695274057,0.00257765220458782
"B cells_PB184",0.0250619748040017,0.147976675008579,0.106530195017552,0.720431155169867
"T cells_PB185",0.0557083349999684,0.318633661144337,0.527541058562964,0.0981169452927298
"Monocytes_PB186",0.01751386261988,0.420822178112612,0.556802327073263,0.00486163219424591
"B cells_PB187",0.00177187974151061,0.18034434908044,0.138078386379224,0.679805384798825
"T cells_PB188",0.0168127240281096,0.574361099690711,0.341263957981488,0.0675622182996916
"B cells_PB189",0.0179887265805143,0.279681296550931,0.221772748408949,0.480557228459606
"NK cells_PB190",0.215810654645778,0.493333759707328,0.273378754221229,0.0174768314256663
"B cells_PB191",0.022252490196524,0.588015651675019,0.272489069183541,0.117242788944916
"T cells_PB192",0.00467356239561573,0.787192984761402,0.16608941178899,0.0420440410539922
"B cells_PB193",0.00276569427844198,0.116232294860506,0.121369472839237,0.759632538021815
"Monocytes_PB194",0,0.419798777983732,0.560653246704814,0.0195479753114539
"B cells_PB195",0.0270219244062009,0.437542481485571,0.214301543265008,0.321134050843221
"B cells_PB196",2.5087912057021e-06,0.433712928454731,0.227000067730521,0.339284495023542
"B cells_PB197",0.0120913441181067,0.219967122321419,0.162955187648153,0.604986345912321
"B cells_PB198",0,0.146447962326899,0.121539221844285,0.732012815828816
"NK cells_PB199",0.619980363069522,0.223894400311688,0.15254660590891,0.00357863070987995
"B cells_PB200",0,0.220233902437077,0.139193991053157,0.640572106509766
"T cells_PB201",0.0257894767746066,0.625471091578313,0.273506262503441,0.0752331691436392
"Monocytes_PB202",0.0354781276931381,0.693508071678375,0.158212911219021,0.112800889409466
"NK cells_PB203",0.154282106677703,0.514261458758467,0.30224901348018,0.0292074210836501
"T cells_PB204",0.017669473273983,0.794515820693642,0.174761891067867,0.0130528149645086
"B cells_PB205",0,0.268699526365078,0.205807411424165,0.525493062210757
"B cells_PB206",0.0341786040782635,0.600229289224402,0.315203849588973,0.0503882571083622
"T cells_PB207",0.0754198173125818,0.211684557230843,0.603875214538891,0.109020410917684
"T cells_PB208",0.0101666725069463,0.647467289240313,0.302378335992872,0.0399877022598693
"Monocytes_PB209",0.0367002286529893,0.752064343157563,0.103793493020029,0.107441935169419
"Monocytes_PB210",0,0.713226203981508,0.190625559234789,0.0961482367837028
"T cells_PB211",0.0140607583365878,0.578122931365092,0.359304980342313,0.0485113299560074
"NK cells_PB212",0.485005305981016,0.342642828579359,0.172351865439625,0
"Monocytes_PB213",0.0232964610608402,0.390189202984449,0.562225865190447,0.0242884707642637
"B cells_PB214",0.0089352426077611,0.501388332974726,0.27758923431353,0.212087190103983
"Monocytes_PB215",0.0208293827330974,0.360800143532274,0.616947071305688,0.00142340242893993
"T cells_PB216",0.0358964689966171,0.339120086207018,0.479438440430055,0.145545004366311
"NK cells_PB217",0.269535763524991,0.46545389474396,0.240454182099502,0.0245561596315477
"B cells_PB218",0,0.202220099296135,0.180078058573844,0.617701842130021
"T cells_PB219",0.0125524362353836,0.609594146940644,0.315536461343487,0.0623169554804847
"Monocytes_PB220",0.00172745417037697,0.322814613496057,0.675457932333566,0
"B cells_PB221",0.0324974581594583,0.201355723938862,0.173688657362838,0.592458160538841
"B cells_PB222",0.00647817314042688,0.265138922852547,0.228017855327703,0.500365048679323
"B cells_PB223",0,0.564971271864663,0.301658623106268,0.133370105029068
"Monocytes_PB224",0.00208888820227347,0.595348746128578,0.358227455406421,0.0443349102627271
"T cells_PB225",0.0282143221791938,0.373666626014072,0.478108478460609,0.120010573346125
"B cells_PB226",0.0217101835880229,0.448764763027427,0.313534795061511,0.215990258323039
"NK cells_PB227",0.700489774343078,0.195086639476774,0.102808492194255,0.00161509398589351
"Monocytes_PB228",0.0135013806606963,0.56288352294464,0.373668024896825,0.049947071497838
"T cells_PB229",0.0045027794253653,0.823500451861102,0.171996768713532,0
"B cells_PB230",0.015200859930604,0.247993218122678,0.168312574123143,0.568493347823575
"T cells_PB231",0,0.736856370755094,0.189529347518127,0.0736142817267785
"T cells_PB232",0.0233222677216666,0.521093659540991,0.393112645000709,0.0624714277366342
"Monocytes_PB233",0.0108517267704867,0.514464500463523,0.474683772765991,0
"B cells_PB234",0.0155728876260626,0.302584407971812,0.210220253234721,0.471622451167405
"B cells_PB235",0.023465028457919,0.489281639481889,0.281087641966865,0.206165690093327
"T cells_PB236",0.00262349974421227,0.710990696842827,0.270712567034349,0.0156732363786122
"Monocytes_PB237",0.00380315309988926,0.646074531013967,0.303052058298772,0.0470702575873713
"Monocytes_PB238",0.0339220592118218,0.74577060313812,0.127163220358336,0.0931441172917219
"NK cells_PB239",0.450171472758281,0.324762050465914,0.202858082323054,0.0222083944527507
"T cells_PB240",0.0486334821469301,0.289030602711025,0.558279569985561,0.104056345156483
"Monocytes_PB241",0.0207519729740789,0.200164974705247,0.779083052320674,0
"NK cells_PB242",0.7504008580346,0.123129963370677,0.126469178594723,0
"T cells_PB243",0.0073015646925378,0.784655445722661,0.168304717238851,0.0397382723459499
"T cells_PB244",0.0107748686442872,0.456159212636816,0.432608928564812,0.100456990154085
"Monocytes_PB245",0.00657261718074399,0.758439806896167,0.0972777393023285,0.137709836620761
"T cells_PB246",0.000796692502057028,0.835339294041121,0.126342399102903,0.0375216143539185
"B cells_PB247",0.00928229502850242,0.393625323668547,0.207608645039799,0.389483736263151
"B cells_PB248",0,0.0961132509132681,0.0948071726581577,0.809079576428574
"NK cells_PB249",0.674979352315981,0.227014372958764,0.0892573241191256,0.00874895060612866
"T cells_PB250",0.002314908718206,0.762581825225398,0.189509102300391,0.0455941637560046
