,B cells,DC,HSC,Monocytes,NK cells,T cells
DC_PB1,0.11807883609594907,0.3010845324153912,0.0,0.2212390036709573,0.10693278702932783,0.25266484078837476
Monocytes_PB2,0.13890668777009194,0.20477395103729046,0.0,0.35051822070527144,0.11156183909896532,0.1942393013883808
DC_PB3,0.09918235642644602,0.3259015447676382,0.0,0.17092286901526263,0.058306466736682286,0.3456867630539709
NK cells_PB4,0.16666662440217989,0.16666666342816525,0.1666664910982344,0.16666670438964,0.16666677792848622,0.16666673875329432
DC_PB5,0.15681691076092907,0.2741156150847101,0.0,0.12483119255491298,0.1065736444115628,0.33766263718788514
DC_PB6,0.1666666763156776,0.16666691134487024,0.166666114502355,0.16666682176037143,0.16666650812742906,0.16666696794929672
HSC_PB7,0.1359921296061213,0.23101962752098576,0.0,0.2627468680590997,0.08630006198772411,0.283941312826069
B cells_PB8,0.33357054357416605,0.2020733780051659,0.0,0.1359984675220945,0.13182668395921243,0.1965309269393611
Monocytes_PB9,0.16666644114073484,0.1666671924407179,0.166665124712836,0.16666753163102158,0.16666613876249975,0.16666757131218995
NK cells_PB10,0.166666626123354,0.16666666761233936,0.1666664973238356,0.16666666703418495,0.1666667842163405,0.16666675768994554
NK cells_PB11,0.16666350060902246,0.16667255436414805,0.1666538275854435,0.16666809384781728,0.166662824132457,0.16667919946111173
DC_PB12,0.12935266732948109,0.4165592231285315,0.0,0.18199777402290615,0.11413257929824688,0.15795775622083422
NK cells_PB13,0.1666666162247754,0.1666666724787675,0.16666647730969988,0.1666666769558818,0.16666680960838964,0.16666674742248588
DC_PB14,0.13813612909954176,0.2744912037951153,0.0,0.11887122380953757,0.10437384685614554,0.3641275964396598
T cells_PB15,0.12974487109711946,0.21623469888183414,0.0,0.29555389360396644,0.14001586916262815,0.2184506672544519
T cells_PB16,0.16666657667934914,0.16666666968413987,0.16666628796460928,0.16666709823001152,0.1666666109117935,0.16666675653009674
B cells_PB17,0.25773147119122425,0.20141327219426608,0.0,0.2352524103203517,0.13989255214064605,0.16571029415351193
NK cells_PB18,0.16666662522337475,0.16666667800434737,0.16666647494760617,0.16666667513338604,0.16666681522878332,0.16666673146250227
HSC_PB19,0.16666653652304164,0.16666699680221161,0.16666616845907375,0.16666669155637168,0.1666663323174788,0.16666727434182252
B cells_PB20,0.17380425724900556,0.20898682283351433,0.0,0.1880808240917136,0.06699189504851541,0.36213620077725106
NK cells_PB21,0.16666664419398303,0.16666667172794675,0.1666664754731046,0.1666666803557268,0.1666668124081028,0.16666671584113604
HSC_PB22,0.10690195275212278,0.23425366630593106,0.0,0.18866942575001847,0.05733392213226817,0.4128410330596596
B cells_PB23,0.1666667961287298,0.16666680671422485,0.16666612359454822,0.1666666397074784,0.1666665987257741,0.16666703512924455
HSC_PB24,0.16666656473845143,0.16666677305069094,0.16666637265754097,0.16666680423839245,0.16666660768347,0.1666668776314542
B cells_PB25,0.16666704373939598,0.16666689682701538,0.16666566998821342,0.16666664000678907,0.166666478973399,0.16666727046518715
T cells_PB26,0.1666666046407469,0.1666666753437648,0.16666642401334048,0.1666667255389557,0.16666664671973658,0.16666692374345562
HSC_PB27,0.1666664716878313,0.1666671418386704,0.1666658764191194,0.16666659587784985,0.16666623240297118,0.16666768177355795
Monocytes_PB28,0.16666224661527554,0.16667093822114354,0.16664950883279414,0.166674982500771,0.1666609345954894,0.16668138923452636
NK cells_PB29,0.16666661784666398,0.16666667178448136,0.16666648593665348,0.16666670100606962,0.1666667770171351,0.16666674640899642
NK cells_PB30,0.16666661219100598,0.16666673185999967,0.16666625251786266,0.16666675684926832,0.16666665607289613,0.16666699050896738
T cells_PB31,0.1326442987222008,0.20822789968950622,0.0,0.24988862091591907,0.07684028952053172,0.33239889115184207
HSC_PB32,0.2188808566355125,0.21838703987334881,0.0,0.24087524521815296,0.07859480132250687,0.24326205695047884
DC_PB33,0.16666675565520297,0.1666671907457205,0.16666561341259795,0.16666683017163791,0.16666661703327218,0.16666699298156842
NK cells_PB34,0.16666662381868066,0.1666666673594151,0.16666650576954894,0.16666665850815998,0.16666681108805195,0.1666667334561432
B cells_PB35,0.3376170438332678,0.20720643993262847,0.0,0.17467372525898464,0.10086972207797767,0.17963306889714142
HSC_PB36,0.0,0.41935374864394065,0.16052250897279782,0.08860431306092763,0.016961980416912534,0.31455744890542137
T cells_PB37,0.16666659681420765,0.16666672873295144,0.1666662540952038,0.16666682593265553,0.1666666636757255,0.1666669307492561
DC_PB38,0.14819839155774886,0.2453239521502912,0.0,0.22754577931829545,0.07504506184349265,0.30388681513017185
NK cells_PB39,0.1666666373971386,0.16666666254404983,0.16666650208166894,0.16666665660700572,0.1666667514781585,0.16666678989197847
NK cells_PB40,0.16666651030904706,0.1666667414041603,0.16666600891273323,0.16666669966177594,0.16666664651408142,0.16666739319820215
HSC_PB41,0.16666640022802662,0.16666678799887205,0.16666610809444202,0.1666669646097853,0.16666647561314668,0.16666726345572733
Monocytes_PB42,0.1043978177458618,0.21433199677891873,0.0,0.21078202983005564,0.11477767171293224,0.35571048393223154
Monocytes_PB43,0.16666669241920865,0.1666670077882512,0.16666475603634628,0.1666668958183095,0.1666657660308917,0.1666688819069928
NK cells_PB44,0.16666660824905424,0.16666666337508207,0.16666649240748063,0.1666666735091668,0.16666681613669068,0.16666674632252562
NK cells_PB45,0.166666588063774,0.16666671316925427,0.16666634260755442,0.1666667441371045,0.166666743999278,0.16666686802303468
DC_PB46,0.1666665578781143,0.16666705180069077,0.16666621914536303,0.16666682233410907,0.1666666224475306,0.1666667263941922
NK cells_PB47,0.16666660106516956,0.1666667154301345,0.16666635322857443,0.16666672763534043,0.166666746301972,0.16666685633880896
HSC_PB48,0.16666114965873707,0.16667726151261525,0.1666560384343082,0.16666233253199347,0.16665763644370418,0.1666855814186417
T cells_PB49,0.16666664469527329,0.1666666404388727,0.16666659378486576,0.16666667624770243,0.16666671767975705,0.16666672715352882
DC_PB50,0.1666666062130163,0.16666675168564832,0.16666638326626498,0.166666729275148,0.16666666002126643,0.166666869538656
DC_PB51,0.15848554402203077,0.4317848371934463,0.0,0.15535075489961905,0.09955577272385732,0.15482309116104664
B cells_PB52,0.34361840014038614,0.20052416989720157,0.0,0.1574034198151388,0.08518178426915754,0.213272225878116
NK cells_PB53,0.1719788971011341,0.2026974563753076,0.0,0.12318411627027277,0.36062620137883195,0.14151332887445361
DC_PB54,0.1489642933973167,0.3835887359273399,0.0,0.17198625510861448,0.11024067511029641,0.18522004045643253
NK cells_PB55,0.16666662807127175,0.16666667159945414,0.16666647623433098,0.16666672725275997,0.16666677326737972,0.16666672357480344
T cells_PB56,0.1666664209642071,0.16666695745739857,0.16666574328417588,0.16666656095767846,0.16666628604276357,0.16666803129377641
T cells_PB57,0.16666670711131523,0.16666681157142546,0.16666564622427635,0.1666676534535313,0.16666646050062245,0.16666672113882916
Monocytes_PB58,0.16666648974870177,0.16666696595255098,0.16666565290971944,0.1666669270230315,0.16666637309234886,0.1666675912736475
DC_PB59,0.14526912917093968,0.24226848186913857,0.0,0.22290456582886867,0.09741059536398189,0.29214722776707114
HSC_PB60,0.1666665502359029,0.1666667767419343,0.1666664216613658,0.16666661996304216,0.16666662002586877,0.16666701137188614
DC_PB61,0.16666481440830314,0.16667088969396285,0.16666132718682794,0.16666808357161184,0.1666641812641781,0.16667070387511607
DC_PB62,0.166666135208422,0.16666844549152704,0.16666409119332154,0.1666665575906204,0.16666603571355987,0.16666873480254912
HSC_PB63,0.1666664459220678,0.16666793125528143,0.16666655342689093,0.16666630448993594,0.1666659356908114,0.16666682921501247
DC_PB64,0.1896666415000699,0.2915836403763824,0.0,0.19854690467219646,0.11839626632710447,0.2018065471242469
Monocytes_PB65,0.1666666396921739,0.16666671489751683,0.1666663429905757,0.16666674008214336,0.16666665354088753,0.16666690879670254
DC_PB66,0.11886421787005995,0.32784971107175476,0.0,0.1606753850692102,0.10803079745342548,0.2845798885355496
DC_PB67,0.16666661204507274,0.16666672496676224,0.16666644059588523,0.16666673219357345,0.16666667697218468,0.1666668132265217
HSC_PB68,0.1666664910234075,0.16666683231149185,0.16666652380764838,0.1666666363775444,0.16666650950202808,0.16666700697787984
HSC_PB69,0.13626392268934892,0.21673960238848722,0.0,0.3120428685355188,0.10302820921738463,0.23192539716926044
B cells_PB70,0.3519229407832091,0.19786692237101697,0.0,0.18486077204587892,0.11399975485996218,0.15134960993993277
HSC_PB71,0.16666649180607598,0.16666748438290718,0.16666636369875745,0.16666604610458,0.16666585926083402,0.16666775474684536
DC_PB72,0.08222829603503255,0.23494653416898,0.0,0.17668316138717302,0.08279895088371055,0.4233430575251038
NK cells_PB73,0.16666664349431096,0.16666743354849076,0.16666390910869572,0.1666676847487746,0.16666597886850784,0.16666835023122017
T cells_PB74,0.16666664663816005,0.1666667937276662,0.16666599969449203,0.16666691261352942,0.1666665944669481,0.16666705285920422
Monocytes_PB75,0.1324649028730314,0.20624401596396197,0.0,0.31608786825522667,0.10278161084489029,0.2424216020628898
NK cells_PB76,0.16666663036231744,0.1666666702301565,0.16666647264803738,0.16666670046423882,0.16666678979288296,0.1666667365023669
Monocytes_PB77,0.14803723085321888,0.21416828817008154,0.0,0.2893843200426347,0.09548575595731373,0.25292440497675106
T cells_PB78,0.12767503593531582,0.2029184829525608,0.0,0.3000202646912989,0.13830729276491566,0.2310789236559089
B cells_PB79,0.1666668408253972,0.16666677704492108,0.16666611928593325,0.16666691297592282,0.16666662417547057,0.16666672569235505
B cells_PB80,0.16666659890795776,0.16666682301900843,0.16666611735577988,0.16666668474726032,0.16666656010550163,0.16666721586449207
Monocytes_PB81,0.1666664763492449,0.16666682415522865,0.1666658454057893,0.16666738030543685,0.16666654778607023,0.16666692599823008
Monocytes_PB82,0.1666664528513381,0.1666667762765315,0.16666570169350356,0.166667453376071,0.16666638268149783,0.16666723312105794
T cells_PB83,0.1595508691404697,0.2012173022658584,0.0,0.26045747486769827,0.12110307033926966,0.2576712833867039
DC_PB84,0.1512508220909089,0.242030852337817,0.0,0.26598624556650163,0.1045513774544183,0.2361807025503542
DC_PB85,0.16666654736057673,0.16666729327484456,0.16666583268011587,0.1666667405958119,0.1666664286842499,0.16666715740440102
NK cells_PB86,0.16666657102172713,0.16666670562455582,0.16666635539685545,0.16666676125733743,0.16666676179685452,0.16666684490266961
HSC_PB87,0.15768770687327519,0.3849391197779496,0.11818723862112102,0.099631096479932,0.0,0.2395548382477223
NK cells_PB88,0.1666666220332708,0.16666667768581506,0.16666648439925907,0.16666666953015166,0.16666677390806528,0.16666677244343822
B cells_PB89,0.37535668409578815,0.20755513672869322,0.0,0.13755590351672467,0.1095998453381607,0.1699324303206332
HSC_PB90,0.16666659949553653,0.1666667378251282,0.16666640970424612,0.16666677032844238,0.16666666254762544,0.1666668200990214
HSC_PB91,0.138639266957025,0.22961813967991668,0.0,0.30106194831889005,0.065245007867067,0.2654356371771012
Monocytes_PB92,0.1666660090421427,0.16666749418768423,0.1666627090777798,0.16667031443349697,0.1666653596888494,0.16666811357004693
DC_PB93,0.10487283597964167,0.35178139459447094,0.0,0.21099068602672844,0.10754706395971664,0.22480801943944229
HSC_PB94,0.034228253205954615,0.34646633648370634,0.07652969693545175,0.24025673865983527,0.0,0.3025189747150519
DC_PB95,0.14894668234764766,0.4041676072707221,0.0,0.15080326898835344,0.09074526139667742,0.20533717999659937
Monocytes_PB96,0.08024729223065111,0.20274061714621225,0.0,0.2448217461161781,0.06430929939078661,0.40788104511617174
HSC_PB97,0.03074851283447892,0.3285811910186725,0.01351901608084902,0.45069129991446827,0.0,0.17645998015153133
DC_PB98,0.16666644496792082,0.16666737400287227,0.1666658295177178,0.16666660585709236,0.16666649696139557,0.16666724869300106
DC_PB99,0.10828208481460835,0.22137443477797247,0.0,0.25322813857463355,0.09678231150043079,0.3203330303323547
HSC_PB100,0.1666653001174327,0.1666676345653237,0.16666324182156933,0.16666791777968845,0.1666647430047521,0.1666711627112337
T cells_PB101,0.19284503039871556,0.19427068761107438,0.0,0.272703962308134,0.16299614899959983,0.17718417068247624
HSC_PB102,0.1666665845501274,0.1666668366905242,0.16666644752341325,0.1666667847632436,0.16666656742094083,0.16666677905175062
B cells_PB103,0.2171542560773033,0.199712115392086,0.0,0.25916558012617824,0.10520077995328575,0.2187672684511467
B cells_PB104,0.16666690631589903,0.16666673832386755,0.16666621239615148,0.16666674179636326,0.16666657745901498,0.16666682370870378
DC_PB105,0.14260638226227987,0.42006473485640017,0.0,0.187589453543629,0.09908074398540741,0.15065868535228344
Monocytes_PB106,0.12356909260706635,0.22776416925886409,0.0,0.19205847251103494,0.08774615985294647,0.3688621057700881
T cells_PB107,0.166666656242786,0.16666668779328384,0.16666645299458496,0.16666677497197455,0.16666668530360404,0.16666674269376652
NK cells_PB108,0.1666666264433135,0.16666668651729336,0.1666664681166799,0.16666667310651123,0.1666667809514966,0.16666676486470533
B cells_PB109,0.16666666855614218,0.1666667878329252,0.1666659249439504,0.16666689740701815,0.16666648511709098,0.1666672361428732
HSC_PB110,0.2045178962496615,0.23945990024230182,0.0,0.19039386506927422,0.09651337146068902,0.26911496697807347
T cells_PB111,0.1666666194759211,0.166666692294977,0.1666663248987085,0.16666695269754467,0.166666622150576,0.16666678848227284
HSC_PB112,0.2478955597263213,0.23587139458056858,0.0,0.2160491128173574,0.13184564315905659,0.16833828971669634
B cells_PB113,0.3433957233555288,0.19697358349500355,0.0,0.19203668052951453,0.1074998998459909,0.16009411277396227
Monocytes_PB114,0.16666658908652685,0.1666666896976259,0.16666636445519456,0.16666695517158178,0.16666667930984816,0.16666672227922283
HSC_PB115,0.08028252718366526,0.3286127765761851,0.03428002941382454,0.2647666235065003,0.0,0.29205804331982477
T cells_PB116,0.16666653875376475,0.16666683963184206,0.16666589957808867,0.1666667698930968,0.16666642998044837,0.1666675221627593
T cells_PB117,0.1666663511595217,0.1666669489205337,0.16666545441404274,0.1666667243749369,0.16666621587963834,0.1666683052513266
NK cells_PB118,0.16666662820493924,0.16666680983982252,0.16666593465952315,0.16666683158111967,0.1666667178172136,0.16666707789738192
NK cells_PB119,0.1666666247840433,0.16666666133506355,0.16666651300324958,0.16666665565871797,0.1666667847795312,0.16666676043939452
HSC_PB120,0.025170159103084733,0.28310188186313007,0.019847302692038885,0.28645763453491413,0.0,0.38542302180683224
DC_PB121,0.14475729056371398,0.43685998466479786,0.0,0.10235932551221556,0.11174753630739663,0.20427586295187586
B cells_PB122,0.1666668130596122,0.16666682074981481,0.16666597900625002,0.1666666342675433,0.16666649306329206,0.16666725985348776
T cells_PB123,0.16666657894378345,0.1666667866345346,0.16666613240036948,0.1666669629838332,0.16666664081388716,0.16666689822359207
DC_PB124,0.1666664003797609,0.16666709000734647,0.16666557379170704,0.16666711258899541,0.1666664067010442,0.166667416531146
HSC_PB125,0.19924935430681942,0.23401496400693542,0.0,0.2232228533120022,0.07994366108880667,0.2635691672854364
HSC_PB126,0.14261971346038188,0.3174274343046666,0.0,0.36133233952254,0.0164928812938843,0.1621276314185274
NK cells_PB127,0.1666666256775994,0.16666666955043638,0.16666644250835097,0.16666671955199483,0.16666680725300576,0.16666673545861266
DC_PB128,0.14029936511236035,0.3935916498859641,0.0,0.12558038323051463,0.10875938223881526,0.2317692195323456
NK cells_PB129,0.1666656216731703,0.16666753521114744,0.1666632297405534,0.16666842607895244,0.16666554081335777,0.16666964648281873
T cells_PB130,0.1724646602540892,0.21766348961416015,0.0,0.2462474262044453,0.10697138754234833,0.256653036384957
Monocytes_PB131,0.192562110242106,0.20594276420796498,0.0,0.2699194921287676,0.1108626255899824,0.22071300783117884
T cells_PB132,0.15312591192000766,0.22360871559140905,0.0,0.25882581487802037,0.14919351514182363,0.2152460424687394
T cells_PB133,0.16666673633240792,0.16666677866300253,0.16666600398877554,0.1666670254971155,0.16666669324923322,0.16666676226946534
T cells_PB134,0.16666545367387564,0.16666759767484882,0.16666189568398282,0.16666877862616378,0.16666476527917648,0.1666715090619525
NK cells_PB135,0.1267679970580922,0.20568947447672334,0.0,0.15196764697535783,0.3376106785327552,0.17796420295707138
T cells_PB136,0.15487439725495145,0.21529999666682176,0.0,0.2954964859106588,0.09142667705058401,0.24290244311698406
T cells_PB137,0.21309682609431557,0.20789495583995693,0.0,0.214063837109767,0.10426291489541073,0.26068146606054987
B cells_PB138,0.1666742008016346,0.16667002236653075,0.1666554445884044,0.16666717763904157,0.16666371238282754,0.16666944222156113
HSC_PB139,0.16666526634693724,0.16667264691948439,0.16665659535043825,0.16667058777372798,0.16666060444529934,0.1666742991641129
HSC_PB140,0.11294792982265878,0.34352868440671647,0.19670469546196018,0.09154827160120532,0.0,0.25527041870745937
NK cells_PB141,0.1666666212094104,0.1666666658706787,0.16666649935355046,0.16666665220833557,0.1666667744449652,0.16666678691305978
Monocytes_PB142,0.16666658783336522,0.1666667372013601,0.16666635769234267,0.16666676256829704,0.16666668177027544,0.16666687293435956
HSC_PB143,0.027292063635694426,0.4003920870463378,0.0716909601151093,0.17731594994181618,0.0,0.32330893926104237
DC_PB144,0.1666665919946748,0.16666700955829575,0.16666613954266118,0.166666604986926,0.16666665810752354,0.16666699580991867
T cells_PB145,0.11390379094400817,0.19877366485877998,0.0,0.3267882768667576,0.10553976244804392,0.25499450488241027
Monocytes_PB146,0.16666650307251243,0.16666676353401721,0.16666607702475517,0.16666672621061726,0.16666652358400488,0.166667406574093
Monocytes_PB147,0.16666661418869153,0.16666672640142582,0.16666631725441172,0.16666680668963293,0.16666663387445266,0.16666690159138525
DC_PB148,0.1809252063355221,0.3412418475912281,0.0,0.1923016081234868,0.12122947558757033,0.1643018623621927
NK cells_PB149,0.16666673935223375,0.16666701875355025,0.1666655649391405,0.16666692205525008,0.166666578426549,0.16666717647327653
Monocytes_PB150,0.1666666019742558,0.1666666794670338,0.1666664290135471,0.16666670686061733,0.16666682036558603,0.16666676231896002
T cells_PB151,0.1666656454157965,0.16666762689680634,0.16666321844203852,0.16666683766119805,0.16666505120717073,0.16667162037698982
NK cells_PB152,0.1666665714486968,0.16666670963289607,0.16666636648921745,0.16666671260942623,0.16666671787760026,0.16666692194216315
HSC_PB153,0.1666664921684481,0.16666684463995318,0.16666614068744465,0.16666690158682426,0.1666666242569161,0.16666699666041368
T cells_PB154,0.16666670507309403,0.16666674720656055,0.16666620167161011,0.16666686555483745,0.16666663709669377,0.1666668433972041
Monocytes_PB155,0.10668606004064206,0.1993293090303648,0.0,0.3490146689035633,0.09731252717002427,0.2476574348554055
T cells_PB156,0.17249615073739338,0.21037969664093362,0.0,0.27830964284023146,0.10921109917829953,0.2296034106031418
T cells_PB157,0.1666665753511062,0.1666667288936264,0.16666633810118922,0.16666678862382772,0.16666661448291917,0.16666695454733133
Monocytes_PB158,0.12910395443677328,0.18661769779390813,0.0,0.35006441294428403,0.11681354108675253,0.217400393738282
Monocytes_PB159,0.1666665315424519,0.16666673119669154,0.16666609704007668,0.1666667754598882,0.16666675778658577,0.16666710697430592
NK cells_PB160,0.16666662258287746,0.16666667653722994,0.1666664653303516,0.16666667928737341,0.16666682286946016,0.16666673339270738
DC_PB161,0.16666655658535076,0.16666690216975974,0.16666617332668746,0.1666668664953909,0.1666665807663191,0.16666692065649194
T cells_PB162,0.166666627121301,0.166666679030883,0.16666642431568895,0.1666667672054798,0.16666663898991035,0.16666686333673686
Monocytes_PB163,0.16666664460158317,0.1666666404615942,0.1666665938273261,0.16666667634550567,0.16666671762901816,0.16666672713497258
B cells_PB164,0.2732016265228909,0.2364877285318332,0.0,0.16302678062495224,0.08649574921354707,0.24078811510677658
B cells_PB165,0.16666666654695053,0.16666670645493656,0.16666631026304998,0.16666672989201606,0.16666666020645737,0.16666692663658952
DC_PB166,0.16666633564210226,0.1666688148894148,0.16666520186322822,0.16666645564009075,0.16666642540768964,0.1666667665574743
NK cells_PB167,0.1413753549406336,0.21932517782014488,0.0,0.19318879774826767,0.2290043424383467,0.2171063270526072
B cells_PB168,0.19413697716059483,0.23023529456219885,0.0,0.2291272196578194,0.10399515344176631,0.24250535517762056
NK cells_PB169,0.1666665565393538,0.16666676150818582,0.16666616727366199,0.16666682862902307,0.16666663745170696,0.16666704859806852
Monocytes_PB170,0.166666626795644,0.16666668611388932,0.1666664137291337,0.16666679824701391,0.16666667070351351,0.16666680441080553
DC_PB171,0.14952121658649203,0.386827273309234,0.0,0.18472887047183947,0.1101256824651918,0.16879695716724258
B cells_PB172,0.15337078295190723,0.22062126425578643,0.0,0.2550302247239396,0.14301370065271266,0.22796402741565405
B cells_PB173,0.28094495848382434,0.2177558111377399,0.0,0.17453205773118297,0.14558167396577731,0.1811854986814754
HSC_PB174,0.16666648820569735,0.166666961870575,0.16666614153025086,0.16666684282785632,0.1666663929558365,0.16666717260978395
T cells_PB175,0.15829834834306675,0.2069167828562672,0.0,0.24725218138429217,0.07678209686310472,0.3107505905532692
B cells_PB176,0.15801646377664316,0.21188261247814888,0.0,0.24991834933212945,0.10500360144341045,0.2751789729696682
HSC_PB177,0.06458767378514109,0.34379425692871246,0.0230746652440629,0.3499717873566105,0.0,0.218571616685473
T cells_PB178,0.16666680839853734,0.16666714772814786,0.16666502132178704,0.1666672998329216,0.1666665701025132,0.1666671526160931
Monocytes_PB179,0.16666532969955375,0.16666794757453288,0.16666146006115487,0.16667308069491915,0.16666582544099937,0.1666663565288401
B cells_PB180,0.14564605918813928,0.21885968395250335,0.0,0.21550347925016913,0.10288002644939342,0.31711075115979487
HSC_PB181,0.07985102044524742,0.3146444862978484,0.0,0.2234109252106099,0.08698516157910197,0.2951084064671923
T cells_PB182,0.16666702953986787,0.16666687228341984,0.16666546734627435,0.16666754797499664,0.1666663730238331,0.1666667098316082
HSC_PB183,0.038205139324089143,0.5075867694375334,0.1984380307572637,0.06334457814424656,0.0,0.19242548233686727
T cells_PB184,0.16666650088118273,0.16666675242591597,0.16666607324076457,0.1666667828526846,0.16666645185661247,0.16666743874283962
HSC_PB185,0.07975628952163843,0.2584265072987493,0.0,0.2414252776441195,0.11984645908866168,0.30054546644683106
B cells_PB186,0.254821561576485,0.21156273797971517,0.0,0.19754341699210687,0.08481855260527404,0.25125373084641894
T cells_PB187,0.16666602259343613,0.16666757561899107,0.166662611923658,0.1666670725218309,0.16666470530340247,0.16667201203868148
DC_PB188,0.16666663375035234,0.16666691831534644,0.1666663265119536,0.16666669861302572,0.1666666254890739,0.16666679732024808
DC_PB189,0.1666661870534886,0.16666802548040932,0.16666518339800582,0.1666670515523234,0.16666628069342776,0.16666727182234498
Monocytes_PB190,0.16666637097493034,0.16666700091423686,0.16666504937528312,0.1666672661571938,0.16666635187290593,0.1666679607054501
DC_PB191,0.166666542153016,0.16666707744102108,0.16666560126482619,0.16666716420164576,0.1666662968482873,0.16666731809120372
Monocytes_PB192,0.15571248699426396,0.20776403900254023,0.0,0.34137200594241524,0.10624443200905684,0.18890703605172388
B cells_PB193,0.3902665274859645,0.19928622650994435,0.0,0.14727249220884608,0.12062827857308889,0.14254647522215624
Monocytes_PB194,0.12062733881498588,0.21028547842889125,0.0,0.3026687572006063,0.10820426090082012,0.25821416465469654
Monocytes_PB195,0.16666658865193612,0.16666669582958765,0.1666663377610222,0.16666679613544605,0.16666659845290757,0.16666698316910045
B cells_PB196,0.1666669873359698,0.16666690448811136,0.16666553172273782,0.1666669871667877,0.1666662628801578,0.16666732640623552
NK cells_PB197,0.16666663151492378,0.1666666693309111,0.16666647363508438,0.1666666839766786,0.16666678157993062,0.16666675996247143
NK cells_PB198,0.1666666315897265,0.1666666651031885,0.1666665087462585,0.1666666598644943,0.16666679986571015,0.16666673483062214
Monocytes_PB199,0.13810394488025465,0.20098232372458308,0.0,0.3572919477710924,0.11593858016948272,0.18768320345458703
Monocytes_PB200,0.17086237181242608,0.2008026409343709,0.0,0.25747268603280443,0.07903133704811874,0.2918309641722799
HSC_PB201,0.09600146967075589,0.4421902358827952,0.07923597413550425,0.13236957419746204,0.0,0.25020274611348275
B cells_PB202,0.1748243357620113,0.22568822454369605,0.0,0.23234902100046873,0.09396640608505313,0.2731720126087707
HSC_PB203,0.12319704554490588,0.2451055616722432,0.0,0.25950962392023674,0.07851403398344954,0.2936737348791646
Monocytes_PB204,0.166666503337417,0.16666673344865415,0.16666618043279482,0.1666670811733627,0.16666651239652408,0.1666669892112471
Monocytes_PB205,0.16666661574526478,0.16666667520901657,0.16666639463728855,0.16666685728599404,0.16666666679416578,0.16666679032827017
B cells_PB206,0.1666665814748597,0.16666694777464836,0.16666592336112504,0.1666668361026507,0.16666660500299568,0.16666710628372056
Monocytes_PB207,0.19902544203195843,0.21445254354500362,0.0,0.17016913984358192,0.11459955355728159,0.30175332102217456
Monocytes_PB208,0.16666645096926158,0.16666679448975574,0.16666585839264547,0.1666672648698945,0.1666665010482108,0.16666713023023197
Monocytes_PB209,0.1666666444225596,0.16666670183240506,0.1666664184705244,0.16666667746435646,0.1666666679732188,0.16666688983693553
Monocytes_PB210,0.17975249550087402,0.21685824426797126,0.0,0.17254068587874619,0.09672139729955863,0.33412717705285
Monocytes_PB211,0.16666670561498484,0.16666670346685017,0.16666625616982983,0.1666669816272979,0.16666662744828598,0.16666672567275145
Monocytes_PB212,0.13581601864680531,0.20297425073861006,0.0,0.30887431948225896,0.11550926129071372,0.2368261498416119
DC_PB213,0.11585694507280823,0.3668456126698624,0.0,0.1812912882698678,0.09189899338940374,0.24410716059805795
NK cells_PB214,0.1666666469640037,0.166666783114439,0.16666616251520133,0.16666686015851084,0.16666676451957274,0.16666678272827226
Monocytes_PB215,0.166666440880808,0.1666668074404519,0.16666570144177872,0.16666748282507624,0.16666641154009643,0.16666715587178865
DC_PB216,0.1642990999034152,0.2702069763802886,0.0,0.2220311106017008,0.10539686483914974,0.23806594827544558
NK cells_PB217,0.1666666216670602,0.16666672647755962,0.16666631771290247,0.16666664984928936,0.16666677399198532,0.1666669103012031
B cells_PB218,0.3353471492083027,0.21850974126837866,0.0,0.1572306358202348,0.11142662566518738,0.1774858480378965
NK cells_PB219,0.12248040475409988,0.2038824454081112,0.0,0.17945196537336652,0.31267554531682445,0.181509639147598
NK cells_PB220,0.16666659347564228,0.16666674220993344,0.166666256968362,0.16666672269076846,0.16666695694318825,0.1666667277121056
B cells_PB221,0.2865141923869671,0.20983934342844893,0.0,0.19013767754974076,0.09179553362261211,0.22171325301223105
B cells_PB222,0.27703752225289874,0.1920583137680652,0.0,0.20101549846838515,0.09050504874958754,0.2393836167610633
HSC_PB223,0.16666654735540656,0.16666678764875248,0.16666630073720753,0.16666679576908774,0.16666668816168467,0.16666688032786092
NK cells_PB224,0.16666661931571713,0.16666669841394233,0.16666643751067764,0.1666666735111566,0.16666675169954492,0.16666681954896131
Monocytes_PB225,0.16666658448000313,0.1666667307223813,0.1666662532930528,0.16666680345247828,0.16666656599903612,0.1666670620530483
T cells_PB226,0.16666636276815863,0.1666673735100197,0.16666367926789957,0.1666689429096079,0.1666653617322333,0.1666682798120807
DC_PB227,0.172928832676146,0.3922533499725602,0.0,0.17569381981112825,0.09005554229832767,0.16906845524183786
DC_PB228,0.16666654236089246,0.1666669465449839,0.16666611558206434,0.16666691970201725,0.16666656314653305,0.16666691266350908
HSC_PB229,0.1666649905213742,0.1666704038401112,0.16666767150665296,0.16666394810512664,0.16666439926900234,0.1666685867577326
NK cells_PB230,0.16666662416497588,0.16666665250998766,0.1666665129505043,0.16666668655018554,0.1666667741779687,0.16666674964637782
T cells_PB231,0.16666654440068754,0.16666669876602502,0.16666634060334845,0.1666667274688406,0.16666659867888522,0.166667090082213
B cells_PB232,0.16666669463885112,0.16666666688492718,0.16666644541528525,0.1666666747218901,0.166666717336873,0.1666668010021734
DC_PB233,0.1330254749766542,0.34809104577406397,0.0,0.1334805429531292,0.07129658019791543,0.3141063560982373
HSC_PB234,0.0677217489517761,0.337282145642375,0.0421444816085096,0.2790258149329304,0.0,0.2738258088644089
NK cells_PB235,0.1342336469453388,0.20615820116362843,0.0,0.2151291721701945,0.1670363614586512,0.2774426182621871
T cells_PB236,0.166666614920002,0.16666669091767397,0.16666647109892782,0.16666673101727011,0.16666669026192904,0.16666680178419704
B cells_PB237,0.1666671525150662,0.16666691992089971,0.1666651150900638,0.16666715443061153,0.16666589687567723,0.16666776116768145
Monocytes_PB238,0.16666661392537277,0.16666689994408126,0.1666657190561247,0.16666661723262507,0.16666632440188897,0.16666782543990716
HSC_PB239,0.14066800722521522,0.2815752489495118,0.0,0.3478982770561292,0.01630003482644626,0.21355843194269775
Monocytes_PB240,0.1666666122875047,0.166666822940708,0.16666600773662246,0.16666675624372873,0.16666659734803216,0.166667203443404
HSC_PB241,0.01349862587548136,0.3507212505229001,0.16013589548469367,0.2214673623862346,0.0,0.25417686573069026
HSC_PB242,0.16666456381726905,0.16666981367991618,0.1666678170469438,0.16666577833292356,0.1666641062612474,0.1666679208617
DC_PB243,0.10753842894880129,0.4198644182555926,0.0,0.11658763934591207,0.09099430716912102,0.265015206280573
HSC_PB244,0.16666657927342254,0.16666675304997547,0.16666650383253706,0.1666666856782748,0.16666669990951874,0.1666667782562714
NK cells_PB245,0.13419603532721866,0.21724037420279302,0.0,0.2526926920467984,0.14716308201149386,0.24870781641169604
NK cells_PB246,0.16666662469192073,0.16666666268332148,0.1666665067314772,0.16666667835983717,0.16666679542721904,0.16666673210622437
HSC_PB247,0.06343459947112262,0.2828971805477568,0.0,0.215379036875477,0.005862820860551662,0.4324263622450919
B cells_PB248,0.3492478955065184,0.21378251090721703,0.0,0.15564191160777938,0.10618317263257387,0.17514450934591116
T cells_PB249,0.16666653265052667,0.166666736700288,0.16666613141051057,0.1666667755526361,0.16666647467255086,0.1666673490134877
NK cells_PB250,0.1666666286564247,0.166666669819857,0.16666649944496165,0.1666666605468353,0.16666679400066509,0.16666674753125624
