,B cells,Monocytes,NK cells,T cells
NK cells_PB1,0.27099014752333334,0.44090205564475804,0.2881077968319086,0.0
B cells_PB2,0.4927948815116825,0.3421206184503538,0.16508450003796366,0.0
T cells_PB3,0.417853859443495,0.4804625975321963,0.10168354302430874,0.0
B cells_PB4,0.4500751015849412,0.3768391365918359,0.17308576182322288,0.0
NK cells_PB5,0.24783718712493108,0.4339311678938854,0.31823164498118345,0.0
NK cells_PB6,0.3172193788066421,0.45489560108225485,0.22788502011110298,0.0
NK cells_PB7,0.34702321863062086,0.4494512577048346,0.20352552366454468,0.0
B cells_PB8,0.5129741249771507,0.3222290889291738,0.16479678609367546,0.0
T cells_PB9,0.32682171112813213,0.5026871736850885,0.1704911151867794,0.0
NK cells_PB10,0.25833452174874516,0.4242066297510245,0.31745884850023026,0.0
Monocytes_PB11,0.5206635447428977,0.4239241521742368,0.05541230308286564,0.0
T cells_PB12,0.2511717110863884,0.5408066144109202,0.1525531562357607,0.05546851826693059
Monocytes_PB13,0.29485871821986803,0.4999909365807989,0.2051503451993331,0.0
NK cells_PB14,0.2956425527719204,0.46527926453179314,0.2390781826962864,0.0
T cells_PB15,0.3303879950144651,0.44564803819173454,0.2239639667938004,0.0
T cells_PB16,0.3190347391069531,0.4676409902073447,0.2133242706857022,0.0
B cells_PB17,0.4105915576228289,0.47911531572548655,0.11029312665168452,0.0
B cells_PB18,0.4920967806689139,0.35491449577521517,0.15298872355587087,0.0
Monocytes_PB19,0.3049248477294561,0.5096303959131787,0.18544475635736518,0.0
Monocytes_PB20,0.37188280729214973,0.45907757577611813,0.16903961693173214,0.0
Monocytes_PB21,0.290432030593771,0.5300935092941036,0.17947446011212537,0.0
T cells_PB22,0.32784420555874405,0.4652038084783518,0.20695198596290426,0.0
NK cells_PB23,0.3116712040482046,0.47047995184279606,0.21784884410899938,0.0
B cells_PB24,0.4352809796791495,0.45312837608826634,0.11159064423258419,0.0
NK cells_PB25,0.2727805529566336,0.4523246456203858,0.2748948014229806,0.0
B cells_PB26,0.49386222974971944,0.34599184823665957,0.160145922013621,0.0
Monocytes_PB27,0.31752333823266127,0.5182085540587752,0.16426810770856354,0.0
Monocytes_PB28,0.460958805566341,0.4589492320174567,0.0800919624162023,0.0
B cells_PB29,0.44518642032157546,0.3837268298742805,0.171086749804144,0.0
NK cells_PB30,0.2546633095927234,0.5148639573753904,0.23047273303188628,0.0
B cells_PB31,0.4325561825652631,0.4009341930779337,0.16650962435680308,0.0
T cells_PB32,0.3041499509272234,0.45509847544207843,0.24075157363069813,0.0
NK cells_PB33,0.2778261673311269,0.4863973652611915,0.23577646740768166,0.0
T cells_PB34,0.3253289469319823,0.5178541175869366,0.15681693548108122,0.0
Monocytes_PB35,0.2995912300849766,0.45421379221543945,0.08149539074747261,0.16469958695211123
NK cells_PB36,0.2516818814435975,0.3901787174147261,0.35813940114167647,0.0
NK cells_PB37,0.2722664967154415,0.4720269083788363,0.2557065949057222,0.0
T cells_PB38,0.33626701460841885,0.45650430522068036,0.20722868017090076,0.0
NK cells_PB39,0.21990863334884125,0.42493850755318746,0.3551528590979713,0.0
NK cells_PB40,0.2730164735257234,0.44443104593118965,0.28255248054308707,0.0
Monocytes_PB41,0.37619682491385065,0.5156003604371647,0.1082028146489846,0.0
T cells_PB42,0.3146333599205957,0.5624558097940664,0.12291083028533784,0.0
B cells_PB43,0.3555518629024067,0.48330649012518856,0.1611416469724047,0.0
Monocytes_PB44,0.38200499463988635,0.430676204353739,0.18731880100637452,0.0
NK cells_PB45,0.3104329899861828,0.4357243652337238,0.25384264478009333,0.0
B cells_PB46,0.5070001133826922,0.3531197692769233,0.13988011734038458,0.0
NK cells_PB47,0.24642808501094007,0.46416403766136505,0.2894078773276947,0.0
Monocytes_PB48,0.3199624198999595,0.5220914828573302,0.15794609724271033,0.0
Monocytes_PB49,0.30587623202293085,0.49588585321279255,0.19823791476427657,0.0
NK cells_PB50,0.30520127738238334,0.5244275508904516,0.17037117172716507,0.0
T cells_PB51,0.37289097955094874,0.5041479471438554,0.12296107330519593,0.0
Monocytes_PB52,0.3574169250842949,0.4113850083078531,0.23119806660785194,0.0
Monocytes_PB53,0.30802015094705243,0.45273459655528103,0.19122457866017784,0.04802067383748871
NK cells_PB54,0.29736267733155464,0.36986235828682457,0.33277496438162074,0.0
Monocytes_PB55,0.31382970847106534,0.4701194920037712,0.21605079952516354,0.0
B cells_PB56,0.4962817971352931,0.30446754148197347,0.1992506613827334,0.0
NK cells_PB57,0.2946451619348168,0.5012527040593432,0.20410213400583987,0.0
B cells_PB58,0.4289992037627748,0.4706791419497665,0.10032165428745865,0.0
Monocytes_PB59,0.40375106994575594,0.45205610673705154,0.1441928233171927,0.0
T cells_PB60,0.3492870437216548,0.46318075962835725,0.18753219664998805,0.0
Monocytes_PB61,0.29860933610484625,0.5318472105014478,0.16954345339370594,0.0
Monocytes_PB62,0.302742352745045,0.5120080078425598,0.18524963941239508,0.0
B cells_PB63,0.556055471650743,0.29067645562235317,0.1532680727269039,0.0
T cells_PB64,0.43563274341545083,0.40083892874118704,0.16352832784336208,0.0
Monocytes_PB65,0.28791816248160773,0.5374434756267336,0.17463836189165866,0.0
Monocytes_PB66,0.29883012278782617,0.49734811332415224,0.20382176388802162,0.0
T cells_PB67,0.3408104117001785,0.465072703353027,0.1941168849467946,0.0
Monocytes_PB68,0.3474267226981293,0.4657024881287288,0.1868707891731419,0.0
T cells_PB69,0.38777002834408725,0.4146374540688013,0.1975925175871114,0.0
T cells_PB70,0.3661946740710488,0.47096619287118757,0.16283913305776362,0.0
NK cells_PB71,0.2997040003747683,0.4172096783425136,0.2830863212827181,0.0
T cells_PB72,0.32633890313205405,0.4518722321647106,0.22178886470323544,0.0
T cells_PB73,0.38719875492782707,0.40381528748304873,0.20898595758912428,0.0
B cells_PB74,0.4897622738645676,0.33496154131216566,0.17527618482326673,0.0
Monocytes_PB75,0.33959657843433766,0.46806788278838074,0.1923355387772816,0.0
B cells_PB76,0.4644305305059019,0.3664377645814827,0.1691317049126154,0.0
T cells_PB77,0.3272721524605871,0.49929881153480454,0.1734290360046082,0.0
NK cells_PB78,0.34490182468953523,0.502796338135655,0.15230183717480988,0.0
NK cells_PB79,0.28842539603607603,0.4848138425717044,0.22676076139221954,0.0
T cells_PB80,0.3213005783209904,0.4493604057597115,0.22933901591929803,0.0
B cells_PB81,0.5456927767524544,0.3151442672704075,0.13916295597713807,0.0
T cells_PB82,0.3563315196818197,0.5202909662862537,0.1233775140319266,0.0
T cells_PB83,0.32725359723012015,0.46957183302097005,0.2031745697489098,0.0
B cells_PB84,0.3962961122396703,0.47524195426950855,0.1284619334908211,0.0
T cells_PB85,0.3147443545125244,0.44986929267614856,0.23538635281132714,0.0
B cells_PB86,0.38917804702029146,0.42937274802264724,0.18144920495706127,0.0
B cells_PB87,0.46704122912402973,0.34001508659574137,0.1929436842802289,0.0
B cells_PB88,0.4949339636916868,0.30410817455105,0.2009578617572632,0.0
T cells_PB89,0.3055716582795687,0.48925532632627583,0.20517301539415553,0.0
T cells_PB90,0.33061463389832235,0.5048767072198214,0.16450865888185626,0.0
B cells_PB91,0.3004185506284795,0.4575385703833856,0.24204287898813492,0.0
T cells_PB92,0.3800726126039071,0.43986415723938377,0.18006323015670914,0.0
B cells_PB93,0.4735339501631244,0.39099972472294003,0.13546632511393553,0.0
T cells_PB94,0.2850897003652422,0.48755868243589073,0.22735161719886704,0.0
B cells_PB95,0.47265775898830553,0.35269319460739207,0.17464904640430237,0.0
NK cells_PB96,0.2963512341476795,0.4235839863535527,0.28006477949876774,0.0
B cells_PB97,0.4503895892565931,0.4075400898973633,0.14207032084604365,0.0
T cells_PB98,0.3486542243019986,0.4488996583688205,0.20244611732918083,0.0
B cells_PB99,0.30148265031740173,0.5647852849336077,0.1337320647489906,0.0
NK cells_PB100,0.29844248760443504,0.4524111505393735,0.24914636185619152,0.0
Monocytes_PB101,0.43735812645169325,0.4407292035449424,0.12191267000336446,0.0
T cells_PB102,0.3009825461932317,0.528587857320764,0.17042959648600434,0.0
T cells_PB103,0.2965660776664421,0.4570844024914358,0.2463495198421221,0.0
Monocytes_PB104,0.3013866265349434,0.5439395639856062,0.15467380947945034,0.0
Monocytes_PB105,0.38633433996823446,0.4402307265531435,0.11195483415693638,0.06148009932168566
Monocytes_PB106,0.28002616035268674,0.5553348628168754,0.16463897683043782,0.0
B cells_PB107,0.40338838893297785,0.4199217298611886,0.17668988120583354,0.0
T cells_PB108,0.3602337988504974,0.477022222349749,0.1627439787997536,0.0
Monocytes_PB109,0.4124181707441358,0.46152884014768414,0.12605298910818005,0.0
NK cells_PB110,0.2857862632582937,0.5063051035594098,0.20790863318229647,0.0
B cells_PB111,0.4554113163000095,0.4465581131439702,0.09803057055602031,0.0
B cells_PB112,0.4045446340060785,0.4470731061117508,0.1483822598821708,0.0
B cells_PB113,0.5210176749143034,0.3435754074744684,0.13540691761122808,0.0
B cells_PB114,0.4636806821190311,0.3779587984635553,0.1583605194174136,0.0
Monocytes_PB115,0.48039362840324035,0.42784965033796146,0.09175672125879814,0.0
Monocytes_PB116,0.35138110472423506,0.4484229636025776,0.17769203467371053,0.02250389699947672
T cells_PB117,0.29867088189783686,0.4895852989707348,0.2117438191314284,0.0
T cells_PB118,0.335489981771899,0.4589133697674773,0.20559664846062378,0.0
B cells_PB119,0.5013084368880553,0.3356749734722438,0.16301658963970087,0.0
Monocytes_PB120,0.2878270171201139,0.5240904406369785,0.18808254224290763,0.0
T cells_PB121,0.3285248950304396,0.5198890626159796,0.15158604235358092,0.0
Monocytes_PB122,0.3197169743943386,0.47058774870661757,0.05843379193904468,0.15126148495999925
T cells_PB123,0.28129066233925665,0.5462699406305076,0.17243939703023572,0.0
T cells_PB124,0.33799129609115014,0.4520994547920563,0.20990924911679357,0.0
Monocytes_PB125,0.3216104917164427,0.5297783719711049,0.14861113631245249,0.0
B cells_PB126,0.4241397476234207,0.42912901355876626,0.14673123881781297,0.0
B cells_PB127,0.5124045522875411,0.3209918110483024,0.1666036366641566,0.0
Monocytes_PB128,0.33391490839561017,0.45988632082145375,0.20619877078293603,0.0
B cells_PB129,0.3221843833239471,0.5200109353307416,0.15780468134531128,0.0
Monocytes_PB130,0.3037562467769619,0.5490669892225531,0.1471767640004849,0.0
Monocytes_PB131,0.37996325485152993,0.48770842894018457,0.13232831620828547,0.0
B cells_PB132,0.4381890854000667,0.4388494503788042,0.12296146422112918,0.0
NK cells_PB133,0.29835559154518726,0.47269184603468084,0.2289525624201318,0.0
B cells_PB134,0.3445412703794152,0.4851473570377524,0.17031137258283247,0.0
Monocytes_PB135,0.31136180461491725,0.45021401652338705,0.12433547907941406,0.11408869978228164
NK cells_PB136,0.2547621259643988,0.4765327507530866,0.26870512328251445,0.0
Monocytes_PB137,0.3159905330982004,0.5285481231118855,0.11470051203674479,0.040760831753169274
Monocytes_PB138,0.3486841382628448,0.4437068365847605,0.20760902515239468,0.0
NK cells_PB139,0.3151066305625489,0.3893501521547609,0.2955432172826902,0.0
NK cells_PB140,0.24770040233937518,0.3593639486390259,0.39293564902159894,0.0
NK cells_PB141,0.28787653161557203,0.346856211823794,0.365267256560634,0.0
Monocytes_PB142,0.28129387325894883,0.5991587795222599,0.11954734721879115,0.0
NK cells_PB143,0.2829013921550025,0.4434376245973214,0.27366098324767607,0.0
Monocytes_PB144,0.3298672514854975,0.470564160559792,0.19956858795471052,0.0
T cells_PB145,0.3385507845060525,0.4557982807932025,0.20565093470074505,0.0
T cells_PB146,0.37274492819727023,0.4102344909053676,0.21702058089736204,0.0
NK cells_PB147,0.2946994188718445,0.42863127354246877,0.27666930758568664,0.0
Monocytes_PB148,0.39631014443846374,0.4244792405838266,0.17921061497770976,0.0
Monocytes_PB149,0.3865760701902164,0.5037529723936639,0.1096709574161197,0.0
NK cells_PB150,0.28018860197026874,0.44735297696511656,0.27245842106461465,0.0
B cells_PB151,0.519928380103884,0.3416888495766871,0.13838277031942897,0.0
NK cells_PB152,0.30901753048245306,0.44198595780141203,0.24899651171613482,0.0
T cells_PB153,0.3707215952713006,0.42997691848241393,0.19930148624628544,0.0
Monocytes_PB154,0.3097136488396657,0.5714141177878821,0.10620904175673006,0.012663191615722172
B cells_PB155,0.4988365701548858,0.31836804449621975,0.18279538534889447,0.0
T cells_PB156,0.30820400006595433,0.4720621960964772,0.21973380383756838,0.0
NK cells_PB157,0.30793476897703004,0.38614050591136884,0.305924725111601,0.0
T cells_PB158,0.3122885065093005,0.5794633751344734,0.10824811835622605,0.0
NK cells_PB159,0.3099795301952431,0.4837557437357044,0.20626472606905247,0.0
NK cells_PB160,0.33617468660674277,0.3937164566238047,0.2701088567694524,0.0
B cells_PB161,0.40985458754395315,0.44444777946290154,0.14569763299314528,0.0
NK cells_PB162,0.26709034991262015,0.4159957228536682,0.31691392723371165,0.0
T cells_PB163,0.306771820005977,0.4891041463852998,0.20412403360872317,0.0
NK cells_PB164,0.2631276801264432,0.3610594398462658,0.37581288002729085,0.0
Monocytes_PB165,0.35037280998927095,0.5001979397613001,0.149429250249429,0.0
Monocytes_PB166,0.3221616715893164,0.4906364912675664,0.18720183714311717,0.0
T cells_PB167,0.4301865222118413,0.46496427289194886,0.10484920489620979,0.0
Monocytes_PB168,0.3155127169572228,0.4906522059913207,0.1938350770514565,0.0
Monocytes_PB169,0.43612655150021323,0.4216239457893213,0.14224950271046552,0.0
B cells_PB170,0.4057661115644603,0.39879356923736464,0.1954403191981751,0.0
Monocytes_PB171,0.4925420910699362,0.47533897027313565,0.032118938656928164,0.0
Monocytes_PB172,0.36602206046095276,0.527692487462104,0.10628545207694319,0.0
B cells_PB173,0.4565536704215209,0.3669782355779425,0.1764680940005367,0.0
NK cells_PB174,0.26384463322220336,0.5136098614229577,0.2225455053548389,0.0
NK cells_PB175,0.3116816745847565,0.36476547133210124,0.3235528540831424,0.0
Monocytes_PB176,0.31979397232260265,0.4887605937200013,0.19144543395739588,0.0
Monocytes_PB177,0.29116799454196457,0.47412114566687114,0.23471085979116435,0.0
Monocytes_PB178,0.3360424855651176,0.5078008694764033,0.15615664495847906,0.0
NK cells_PB179,0.2858769264158426,0.3766768133703973,0.33744626021376,0.0
Monocytes_PB180,0.39459172307357143,0.5160816938624083,0.08932658306402023,0.0
T cells_PB181,0.29720331405676614,0.5030269151867666,0.19976977075646718,0.0
NK cells_PB182,0.3280177814422135,0.48327345763480856,0.18870876092297797,0.0
NK cells_PB183,0.27275621313529774,0.37987622424654394,0.3473675626181584,0.0
B cells_PB184,0.4952782598598601,0.3519693779862773,0.15275236215386243,0.0
T cells_PB185,0.3366332320974047,0.45842217216244874,0.20494459574014656,0.0
Monocytes_PB186,0.30815549094256184,0.47890493963985764,0.21293956941758055,0.0
B cells_PB187,0.541574018091463,0.32635694019169864,0.13206904171683842,0.0
T cells_PB188,0.29981858926455485,0.5231651476419826,0.17701626309346258,0.0
B cells_PB189,0.4631780681665197,0.3204090384152352,0.2164128934182452,0.0
NK cells_PB190,0.2836909815136447,0.4724179562181491,0.24389106226820623,0.0
B cells_PB191,0.3645869187446001,0.4491598656784367,0.1862532155769633,0.0
T cells_PB192,0.3268594798742262,0.49251855526681465,0.18062196485895915,0.0
B cells_PB193,0.5315314740006621,0.36901186555098514,0.09945666044835266,0.0
Monocytes_PB194,0.303437996937644,0.4817091119465969,0.21485289111575923,0.0
B cells_PB195,0.45156241592509405,0.3718563433354469,0.176581240739459,0.0
B cells_PB196,0.41288959472938896,0.3968507106097443,0.1902596946608668,0.0
B cells_PB197,0.472016981739531,0.38501807331731164,0.1429649449431573,0.0
B cells_PB198,0.49418096154841973,0.31899814506847407,0.18682089338310623,0.0
NK cells_PB199,0.32236821354064604,0.33713491148947844,0.34049687496987546,0.0
B cells_PB200,0.4532974352360195,0.4010643956586949,0.1456381691052856,0.0
T cells_PB201,0.31801110957851575,0.4809929362366349,0.20099595418484922,0.0
Monocytes_PB202,0.36784733074075243,0.4543450533226347,0.1778076159366128,0.0
NK cells_PB203,0.3116136558787179,0.4938769307554043,0.1945094133658779,0.0
T cells_PB204,0.271448918049864,0.5226516402914219,0.2058994416587142,0.0
B cells_PB205,0.4571649580489769,0.37606838657887426,0.16676665537214874,0.0
B cells_PB206,0.37182470681333063,0.463038313755328,0.16513697943134145,0.0
T cells_PB207,0.41217397467976197,0.35991716727091605,0.2279088580493219,0.0
T cells_PB208,0.30841266932750816,0.4909074258079831,0.2006799048645088,0.0
Monocytes_PB209,0.45752253131853693,0.45843175169952066,0.08404571698194237,0.0
Monocytes_PB210,0.3125994723547604,0.5354724499874316,0.151928077657808,0.0
T cells_PB211,0.37899963172590323,0.4582101923603287,0.162790175913768,0.0
NK cells_PB212,0.2692250737821147,0.44047927366081546,0.29029565255707,0.0
Monocytes_PB213,0.325414868647916,0.4921533007494096,0.18243183060267432,0.0
B cells_PB214,0.40429731620223136,0.42900281266439527,0.1666998711333733,0.0
Monocytes_PB215,0.40778722464609835,0.3991963258024617,0.19301644955143993,0.0
T cells_PB216,0.31928763091152074,0.4620589867985636,0.21865338228991577,0.0
NK cells_PB217,0.24691673472728948,0.5011163054028981,0.2519669598698123,0.0
B cells_PB218,0.45925886787890813,0.362403160283935,0.17833797183715688,0.0
T cells_PB219,0.4169651820060715,0.5008949507301182,0.08213986726381013,0.0
Monocytes_PB220,0.2735707044022355,0.5117582108565613,0.03638109205221574,0.1782899926889875
B cells_PB221,0.46691470056328904,0.386879195062402,0.146206104374309,0.0
B cells_PB222,0.46816026138196154,0.3779418105307463,0.15389792808729216,0.0
B cells_PB223,0.396461974235277,0.4627496726220249,0.1407883531426982,0.0
Monocytes_PB224,0.373046638952026,0.5050154686517386,0.12193789239623543,0.0
T cells_PB225,0.37602976623874146,0.39075304025784796,0.23321719350341052,0.0
B cells_PB226,0.3687460567935014,0.42535527998583195,0.2058986632206665,0.0
NK cells_PB227,0.32811900545115563,0.344511380679089,0.3273696138697553,0.0
Monocytes_PB228,0.311800218014304,0.494047710683689,0.19415207130200707,0.0
T cells_PB229,0.30832985067295154,0.5213402276736496,0.17032992165339883,0.0
B cells_PB230,0.4374209859281476,0.36724541902620295,0.19533359504564946,0.0
T cells_PB231,0.3368085548731766,0.5573728655503011,0.10581857957652242,0.0
T cells_PB232,0.3432881700344183,0.47578824143754467,0.18092358852803705,0.0
Monocytes_PB233,0.2916884597647564,0.4918996981127523,0.21641184212249123,0.0
B cells_PB234,0.47164421729913786,0.3476898275038707,0.18066595519699152,0.0
B cells_PB235,0.3795714250126571,0.45619702741195156,0.16423154757539124,0.0
T cells_PB236,0.2881102737011027,0.5529775999677021,0.1589121263311952,0.0
Monocytes_PB237,0.31839764159547435,0.4813151218172075,0.20028723658731823,0.0
Monocytes_PB238,0.31874017799959903,0.5219386409339856,0.15932118106641538,0.0
NK cells_PB239,0.22834742666395635,0.4328753844581478,0.3387771888778957,0.0
T cells_PB240,0.3355372743787506,0.4604482821245601,0.20401444349668926,0.0
Monocytes_PB241,0.35500345665964367,0.446237663037624,0.16375331370744234,0.03500556659529
NK cells_PB242,0.2839866080764361,0.33350267654014604,0.38251071538341797,0.0
T cells_PB243,0.4503524653455215,0.3945784453300547,0.15506908932442376,0.0
T cells_PB244,0.340085078823083,0.49593309689363885,0.1639818242832783,0.0
Monocytes_PB245,0.4378758713760125,0.47182287921611593,0.09030124940787171,0.0
T cells_PB246,0.2944248655589116,0.5013952618591481,0.20417987258194037,0.0
B cells_PB247,0.403642991997078,0.4460294399789521,0.15032756802397002,0.0
B cells_PB248,0.4873261256714085,0.3482991989922421,0.16437467533634936,0.0
NK cells_PB249,0.34365292259408403,0.30808703711730256,0.34826004028861335,0.0
T cells_PB250,0.3710086384157669,0.48781897758615395,0.1411723839980792,0.0
